  1.000  0.644  0.355 -0.050 -0.055  0.026  0.038  0.083  0.059  0.048  0.047 -0.025  0.061  0.043  0.045  0.057  0.014  0.053  0.047  0.038  0.091  0.056 -0.019 -0.074  0.030  0.117 -0.001 -0.021  0.038  0.012 -0.060  0.002  0.063 -0.000 -0.026  0.042  0.051  0.101  0.123  0.190  0.200  0.151 -0.006 -0.039 -0.025 -0.072 -0.046 -0.051 -0.097 -0.091 -0.051 -0.061 -0.065 -0.067 -0.041 -0.041  0.010  0.036  0.044 -0.036  0.000 -0.087 -0.046 -0.150 -0.127 -0.221 -0.036 -0.046 -0.178 -0.135 -0.067 -0.051 -0.116 -0.123 -0.162 -0.077 -0.052  0.047  0.130  0.169  0.053  0.115  0.235  0.133  0.048  0.148  0.082  0.055  0.144  0.141  0.559  0.610  0.400  0.140  0.053  0.029  0.027  0.029  0.032  0.043  0.028 -0.007  0.002 -0.019 -0.208 -0.109 -0.035  0.002 -0.056 -0.068 -0.019 -0.027  0.014  0.006  0.067  0.090  0.086  0.058  0.090  0.080  0.075  0.054  0.060  0.030 -0.006 -0.032  0.016  0.035  0.099  0.082  0.008 -0.088 -0.098 -0.141 -0.160 -0.181 -0.188 -0.177 -0.137 -0.116 -0.090  0.009  0.009  0.020  0.068  0.078  0.091  0.084  0.052  0.036  0.020  0.063 -0.032 -0.090 -0.115 -0.169 -0.155 -0.172 -0.122
  0.644  1.000  0.591  0.074  0.057  0.085  0.076  0.094  0.087  0.075  0.047 -0.001  0.052  0.029  0.042  0.046 -0.008  0.042  0.031  0.063  0.124  0.107  0.046 -0.013  0.010  0.051 -0.041 -0.028  0.015 -0.033 -0.058  0.006  0.016 -0.035 -0.001  0.018  0.004  0.036  0.070  0.121  0.158  0.139 -0.012 -0.027 -0.040 -0.068 -0.046 -0.064 -0.099 -0.103 -0.081 -0.077 -0.098 -0.118 -0.070 -0.076 -0.042 -0.030 -0.009 -0.053 -0.020 -0.121 -0.072 -0.160 -0.151 -0.167 -0.116 -0.122 -0.157 -0.181 -0.126 -0.122 -0.165 -0.151 -0.203 -0.139 -0.114 -0.023  0.063  0.082 -0.006  0.058  0.175  0.079  0.015  0.130  0.073  0.074  0.185  0.212  0.481  0.559  0.388  0.250  0.100  0.042  0.040  0.030  0.048  0.085  0.087  0.052  0.091  0.113 -0.085  0.062  0.163  0.287  0.138  0.075  0.052  0.016  0.014 -0.003  0.012  0.092  0.078  0.105  0.080  0.077  0.065  0.063  0.053  0.019 -0.016 -0.040 -0.009 -0.022  0.008 -0.038 -0.091 -0.112 -0.081 -0.090 -0.109 -0.167 -0.180 -0.190 -0.180 -0.171 -0.159 -0.075 -0.025  0.024  0.056  0.090  0.085  0.070  0.080  0.051  0.010  0.037 -0.066 -0.132 -0.150 -0.142 -0.121 -0.073 -0.030
  0.355  0.591  1.000  0.417  0.222  0.186  0.127  0.119  0.107  0.080  0.057  0.075  0.103  0.074  0.040  0.017 -0.059 -0.013  0.012  0.063  0.124  0.090 -0.003 -0.067 -0.026  0.020 -0.052 -0.008  0.045  0.024  0.017  0.060  0.052  0.024  0.058  0.052  0.010  0.029  0.060  0.161  0.200  0.152  0.022  0.008 -0.041 -0.053 -0.021 -0.069 -0.105 -0.081 -0.062 -0.066 -0.101 -0.102 -0.064 -0.067 -0.032 -0.023  0.012 -0.036 -0.011 -0.104 -0.053 -0.137 -0.143 -0.173 -0.185 -0.075 -0.139 -0.109 -0.066 -0.052 -0.113 -0.119 -0.186 -0.157 -0.144 -0.083  0.009  0.008 -0.046  0.010  0.088  0.023  0.004  0.091  0.047  0.049  0.103  0.157  0.328  0.403  0.476  0.389  0.189  0.106  0.088  0.079  0.066  0.118  0.141  0.104  0.157  0.164 -0.004 -0.039  0.092  0.227  0.215  0.296  0.215  0.086  0.052  0.025  0.002  0.070  0.040  0.090  0.090  0.046  0.057  0.050  0.051  0.044  0.022  0.023  0.006 -0.045 -0.021 -0.056 -0.134 -0.089 -0.070 -0.081 -0.104 -0.137 -0.143 -0.173 -0.188 -0.208 -0.197 -0.112 -0.062 -0.022  0.012  0.038  0.053  0.016  0.035  0.020 -0.026 -0.065 -0.124 -0.150 -0.117 -0.057 -0.045  0.007  0.002
 -0.050  0.074  0.417  1.000  0.649  0.366  0.207  0.091  0.031 -0.015 -0.031  0.062  0.025  0.038 -0.014 -0.057 -0.086 -0.128 -0.086  0.025  0.043  0.001 -0.057 -0.027  0.001  0.017  0.023  0.073  0.088  0.099  0.102  0.122  0.079  0.081  0.116  0.047  0.007 -0.009 -0.027  0.009  0.087  0.090  0.087  0.080 -0.005  0.037  0.067 -0.023 -0.054  0.020 -0.008 -0.023 -0.040 -0.044 -0.010 -0.019 -0.022 -0.029 -0.032 -0.027 -0.020 -0.049  0.005  0.009 -0.003 -0.047 -0.127 -0.027 -0.064 -0.045 -0.058 -0.050 -0.078 -0.100 -0.105 -0.104 -0.086 -0.097 -0.063 -0.112 -0.116 -0.090 -0.101 -0.121 -0.088 -0.082 -0.098 -0.099 -0.077 -0.006 -0.064 -0.002  0.191  0.358  0.245  0.172  0.170  0.151  0.129  0.154  0.226  0.179  0.196  0.248  0.288  0.082  0.066  0.187  0.295  0.392  0.412  0.271  0.098  0.072 -0.018  0.022 -0.064  0.008  0.002 -0.065 -0.054 -0.035 -0.036  0.005  0.040  0.102  0.047 -0.025 -0.068 -0.136 -0.176 -0.101 -0.060 -0.077 -0.091 -0.102 -0.063 -0.090 -0.105 -0.135 -0.153 -0.074 -0.013  0.023  0.016 -0.002  0.011 -0.012  0.020  0.032  0.017 -0.127 -0.107 -0.067 -0.041  0.092  0.069  0.089  0.056
 -0.055  0.057  0.222  0.649  1.000  0.636  0.338  0.171  0.079  0.014 -0.019  0.066  0.025  0.050  0.018 -0.029 -0.044 -0.075 -0.068 -0.029 -0.018 -0.025 -0.076 -0.036  0.031  0.035  0.041  0.136  0.136  0.121  0.152  0.226  0.144  0.112  0.189  0.155  0.039  0.034  0.016 -0.004  0.093  0.081  0.101  0.090  0.010  0.045  0.086  0.001 -0.011  0.047  0.019 -0.020 -0.016 -0.032  0.017  0.013  0.034  0.022 -0.014  0.001 -0.020 -0.034 -0.016 -0.002 -0.003 -0.034 -0.116 -0.055 -0.044 -0.058 -0.073 -0.061 -0.080 -0.100 -0.110 -0.126 -0.127 -0.117 -0.099 -0.155 -0.163 -0.132 -0.147 -0.167 -0.140 -0.106 -0.111 -0.106 -0.123 -0.075 -0.087 -0.010  0.147  0.260  0.261  0.182  0.186  0.176  0.148  0.160  0.187  0.147  0.125  0.158  0.179  0.067  0.071  0.140  0.180  0.195  0.297  0.420  0.232  0.201  0.092  0.071 -0.027 -0.032 -0.052 -0.054 -0.040 -0.026 -0.009  0.044  0.065  0.100  0.011 -0.067 -0.098 -0.189 -0.195 -0.163 -0.130 -0.125 -0.101 -0.048  0.004  0.003 -0.009 -0.037 -0.082 -0.101 -0.056 -0.037 -0.069 -0.064 -0.052 -0.064 -0.023 -0.010 -0.017 -0.019  0.028  0.068  0.083  0.145  0.035  0.043 -0.020
  0.026  0.085  0.186  0.366  0.636  1.000  0.639  0.389  0.226  0.084  0.030  0.140  0.118  0.163  0.059 -0.030 -0.065 -0.072 -0.013  0.053  0.068  0.087 -0.017 -0.014  0.064  0.067  0.057  0.157  0.134  0.129  0.160  0.177  0.127  0.127  0.178  0.139  0.086  0.041  0.028  0.011  0.074  0.068  0.070  0.077  0.014  0.034  0.078  0.019 -0.026  0.025  0.004 -0.024 -0.067 -0.071 -0.029 -0.028 -0.017 -0.005 -0.030 -0.034 -0.023 -0.044 -0.009  0.000 -0.027 -0.061 -0.105 -0.067 -0.064 -0.063 -0.055 -0.050 -0.080 -0.100 -0.109 -0.107 -0.099 -0.081 -0.069 -0.103 -0.129 -0.106 -0.092 -0.124 -0.125 -0.089 -0.090 -0.071 -0.074 -0.024 -0.015  0.043  0.125  0.169  0.230  0.204  0.162  0.137  0.114  0.133  0.154  0.104  0.069  0.076  0.052  0.006  0.020  0.049  0.092  0.093  0.113  0.233  0.266  0.354  0.184  0.099 -0.044 -0.021 -0.036 -0.017 -0.020 -0.009 -0.037  0.023  0.065  0.143  0.087  0.004 -0.012 -0.126 -0.180 -0.157 -0.122 -0.145 -0.127 -0.087 -0.062 -0.053 -0.030 -0.062 -0.080 -0.095 -0.080 -0.057 -0.081 -0.070 -0.051 -0.048 -0.024 -0.012 -0.030 -0.019  0.013  0.063  0.060  0.073 -0.041 -0.047 -0.057
  0.038  0.076  0.127  0.207  0.338  0.639  1.000  0.624  0.384  0.194  0.115  0.235  0.229  0.250  0.099 -0.012 -0.066 -0.055  0.009  0.103  0.151  0.165  0.045  0.018  0.074  0.075  0.051  0.156  0.122  0.097  0.117  0.124  0.087  0.076  0.107  0.090  0.064  0.037  0.028  0.011  0.027  0.023 -0.011  0.012 -0.018 -0.004  0.021 -0.009 -0.060 -0.019 -0.018 -0.048 -0.078 -0.071 -0.032 -0.037 -0.035 -0.015 -0.015 -0.036 -0.022 -0.070 -0.035 -0.032 -0.061 -0.078 -0.076 -0.089 -0.091 -0.096 -0.042 -0.056 -0.077 -0.067 -0.086 -0.061 -0.054 -0.036 -0.026 -0.032 -0.063 -0.052 -0.026 -0.044 -0.061 -0.045 -0.031 -0.023 -0.033 -0.015 -0.014  0.030  0.071  0.090  0.114  0.094  0.071  0.043  0.036  0.060  0.072  0.029  0.013  0.002 -0.020 -0.034 -0.006 -0.016  0.008  0.007  0.003  0.099  0.205  0.435  0.267  0.184  0.007  0.065  0.050  0.055  0.019  0.047 -0.042  0.032  0.095  0.176  0.112  0.045  0.013 -0.111 -0.150 -0.137 -0.125 -0.163 -0.145 -0.135 -0.135 -0.122 -0.079 -0.089 -0.077 -0.080 -0.069 -0.046 -0.078 -0.071 -0.050 -0.021  0.004  0.022  0.002  0.022  0.028  0.039 -0.000 -0.025 -0.100 -0.116 -0.079
  0.083  0.094  0.119  0.091  0.171  0.389  0.624  1.000  0.684  0.441  0.350  0.448  0.379  0.295  0.062 -0.058 -0.184 -0.162 -0.064  0.004  0.071  0.072 -0.008 -0.020  0.041  0.044 -0.041  0.045  0.069  0.026  0.023  0.063  0.044  0.023  0.056  0.063  0.061  0.029  0.037  0.066  0.059  0.023 -0.045 -0.088 -0.154 -0.165 -0.098 -0.066 -0.119 -0.115 -0.029 -0.061 -0.024 -0.002  0.032 -0.015  0.013  0.026  0.055  0.028  0.026 -0.077 -0.088 -0.165 -0.205 -0.227 -0.177 -0.173 -0.163 -0.131 -0.005  0.019 -0.005  0.018 -0.067 -0.063 -0.077 -0.034 -0.039 -0.019 -0.024 -0.036 -0.014  0.007  0.013  0.017  0.034  0.037  0.013 -0.000 -0.045  0.048  0.055  0.062  0.056 -0.004 -0.016 -0.026 -0.054 -0.024 -0.005 -0.071 -0.041 -0.055 -0.102 -0.101 -0.057 -0.057 -0.045 -0.038 -0.071  0.033  0.156  0.354  0.323  0.353  0.201  0.202  0.220  0.220  0.091  0.114 -0.016  0.062  0.188  0.287  0.175  0.049 -0.006 -0.194 -0.191 -0.193 -0.192 -0.205 -0.184 -0.167 -0.191 -0.190 -0.144 -0.148 -0.114 -0.086 -0.043  0.007 -0.054 -0.048 -0.028  0.012  0.083  0.123  0.060  0.059  0.001 -0.040 -0.082 -0.095 -0.146 -0.154 -0.127
  0.059  0.087  0.107  0.031  0.079  0.226  0.384  0.684  1.000  0.683  0.486  0.459  0.505  0.367  0.152  0.056 -0.122 -0.090  0.064  0.155  0.251  0.194  0.065 -0.072 -0.096 -0.121 -0.214 -0.121 -0.055 -0.099 -0.092 -0.028 -0.023 -0.020  0.030  0.060  0.101  0.030  0.056  0.098  0.056  0.019 -0.084 -0.123 -0.183 -0.213 -0.132 -0.084 -0.156 -0.164 -0.080 -0.106 -0.085 -0.042 -0.005 -0.033 -0.020  0.026  0.088  0.034  0.040 -0.111 -0.115 -0.213 -0.282 -0.240 -0.198 -0.181 -0.153 -0.094  0.034  0.068  0.044  0.070 -0.066 -0.079 -0.116 -0.076 -0.070  0.003  0.017 -0.001  0.043  0.097  0.106  0.109  0.142  0.160  0.146  0.090  0.041  0.089  0.060  0.046  0.002 -0.062 -0.070 -0.054 -0.092 -0.046 -0.025 -0.060  0.003 -0.031 -0.089 -0.057  0.019  0.031  0.001 -0.028 -0.098 -0.038  0.068  0.172  0.232  0.234  0.273  0.450  0.489  0.482  0.271  0.227  0.040  0.053  0.156  0.190  0.120  0.009  0.009 -0.130 -0.145 -0.158 -0.163 -0.148 -0.164 -0.171 -0.214 -0.239 -0.212 -0.249 -0.195 -0.217 -0.185 -0.143 -0.171 -0.134 -0.143 -0.146 -0.055 -0.018 -0.091 -0.056 -0.115 -0.165 -0.150 -0.160 -0.163 -0.117 -0.100
  0.048  0.075  0.080 -0.015  0.014  0.084  0.194  0.441  0.683  1.000  0.807  0.583  0.447  0.196 -0.010 -0.095 -0.252 -0.201 -0.108 -0.007  0.118  0.066  0.017 -0.051 -0.035 -0.049 -0.151 -0.082 -0.024 -0.069 -0.072 -0.002 -0.018 -0.023  0.011  0.036 -0.026 -0.007  0.031  0.093  0.065  0.013 -0.081 -0.134 -0.225 -0.270 -0.194 -0.121 -0.181 -0.210 -0.099 -0.111 -0.016  0.000  0.040 -0.001  0.044  0.051  0.114  0.074  0.061 -0.088 -0.124 -0.235 -0.283 -0.236 -0.174 -0.184 -0.140 -0.092  0.062  0.094  0.066  0.108 -0.026 -0.044 -0.075 -0.035 -0.043  0.021  0.059  0.032  0.050  0.106  0.127  0.108  0.132  0.136  0.111  0.049 -0.032  0.053  0.034  0.023 -0.026 -0.088 -0.089 -0.063 -0.107 -0.075 -0.036 -0.071 -0.011 -0.041 -0.118 -0.092 -0.017  0.012 -0.017 -0.040 -0.124 -0.102 -0.051  0.066  0.122  0.285  0.309  0.413  0.549  0.440  0.254  0.128  0.006  0.048  0.211  0.229  0.111 -0.014 -0.025 -0.220 -0.224 -0.194 -0.179 -0.168 -0.184 -0.232 -0.236 -0.246 -0.235 -0.240 -0.206 -0.155 -0.085 -0.023 -0.055 -0.037 -0.050 -0.029  0.057  0.087  0.000 -0.024 -0.129 -0.189 -0.219 -0.198 -0.187 -0.124 -0.112
  0.047  0.047  0.057 -0.031 -0.019  0.030  0.115  0.350  0.486  0.807  1.000  0.726  0.508  0.218 -0.010 -0.113 -0.262 -0.229 -0.165 -0.093  0.016 -0.022 -0.033 -0.038 -0.020 -0.023 -0.118 -0.071 -0.013 -0.045 -0.060 -0.004 -0.009 -0.015  0.001  0.047 -0.006  0.025  0.039  0.091  0.067  0.008 -0.063 -0.122 -0.218 -0.246 -0.173 -0.098 -0.137 -0.151 -0.034 -0.062  0.041  0.055  0.087  0.048  0.102  0.098  0.120  0.087  0.059 -0.071 -0.123 -0.225 -0.255 -0.242 -0.193 -0.160 -0.146 -0.095  0.038  0.093  0.067  0.103 -0.027 -0.052 -0.081 -0.047 -0.060 -0.014  0.027  0.011  0.014  0.056  0.090  0.077  0.084  0.080  0.059  0.006 -0.070  0.035  0.019  0.015 -0.005 -0.080 -0.063 -0.036 -0.079 -0.075 -0.039 -0.086 -0.046 -0.075 -0.123 -0.131 -0.061 -0.026 -0.037 -0.043 -0.123 -0.091 -0.067  0.035  0.055  0.246  0.200  0.235  0.408  0.360  0.279  0.167  0.070  0.156  0.333  0.335  0.154  0.015 -0.036 -0.266 -0.235 -0.204 -0.196 -0.192 -0.205 -0.232 -0.199 -0.197 -0.205 -0.196 -0.183 -0.105 -0.039  0.017 -0.026 -0.024 -0.027  0.010  0.092  0.113  0.025 -0.023 -0.126 -0.172 -0.211 -0.182 -0.176 -0.122 -0.123
 -0.025 -0.001  0.075  0.062  0.066  0.140  0.235  0.448  0.459  0.583  0.726  1.000  0.680  0.385  0.077 -0.086 -0.256 -0.258 -0.181 -0.097  0.014 -0.001 -0.039 -0.031 -0.003  0.002 -0.072 -0.011  0.012  0.007  0.005  0.016 -0.003  0.005  0.025  0.050  0.008 -0.001 -0.017  0.042  0.044 -0.010 -0.028 -0.070 -0.177 -0.168 -0.093 -0.046 -0.071 -0.067  0.040  0.003  0.093  0.101  0.128  0.079  0.100  0.081  0.094  0.091  0.052 -0.058 -0.102 -0.193 -0.242 -0.255 -0.248 -0.177 -0.166 -0.119  0.007  0.072  0.049  0.075 -0.037 -0.081 -0.114 -0.094 -0.116 -0.114 -0.069 -0.071 -0.084 -0.049  0.007 -0.009  0.017  0.007 -0.010 -0.026 -0.156 -0.044 -0.010  0.022  0.040 -0.024  0.002  0.026 -0.044 -0.041 -0.012 -0.073 -0.044 -0.061 -0.049 -0.105 -0.052 -0.029  0.000 -0.014 -0.095 -0.045  0.011  0.116  0.057  0.208  0.124  0.145  0.286  0.269  0.209  0.215  0.119  0.268  0.495  0.509  0.241  0.063  0.005 -0.259 -0.242 -0.218 -0.203 -0.214 -0.202 -0.193 -0.143 -0.144 -0.165 -0.172 -0.171 -0.118 -0.052 -0.002 -0.060 -0.061 -0.041 -0.005  0.068  0.094  0.016 -0.046 -0.116 -0.133 -0.166 -0.111 -0.126 -0.101 -0.135
  0.061  0.052  0.103  0.025  0.025  0.118  0.229  0.379  0.505  0.447  0.508  0.680  1.000  0.680  0.371  0.220  0.022  0.016  0.116  0.170  0.260  0.191  0.055 -0.056 -0.104 -0.101 -0.184 -0.108 -0.062 -0.075 -0.074 -0.034 -0.026 -0.015  0.011  0.049  0.069  0.038  0.051  0.083  0.054 -0.003 -0.062 -0.066 -0.124 -0.114 -0.041 -0.028 -0.083 -0.057  0.006 -0.027 -0.015  0.010  0.027  0.021  0.019  0.041  0.064  0.022  0.007 -0.121 -0.125 -0.211 -0.280 -0.255 -0.236 -0.163 -0.186 -0.144 -0.028  0.030 -0.003  0.022 -0.099 -0.109 -0.152 -0.109 -0.098 -0.055 -0.054 -0.043 -0.006  0.021  0.039  0.068  0.101  0.106  0.100  0.063  0.054  0.087  0.082  0.030  0.020 -0.021  0.008  0.047 -0.031 -0.025  0.001 -0.046  0.007 -0.031 -0.048 -0.084 -0.026  0.007  0.008 -0.036 -0.073 -0.062 -0.029  0.042  0.038  0.075  0.076  0.215  0.369  0.434  0.354  0.407  0.308  0.390  0.468  0.407  0.203  0.056  0.018 -0.116 -0.116 -0.138 -0.135 -0.131 -0.136 -0.157 -0.147 -0.162 -0.185 -0.209 -0.216 -0.208 -0.185 -0.171 -0.191 -0.173 -0.156 -0.159 -0.090 -0.085 -0.143 -0.122 -0.161 -0.181 -0.169 -0.136 -0.120 -0.078 -0.076
  0.043  0.029  0.074  0.038  0.050  0.163  0.250  0.295  0.367  0.196  0.218  0.385  0.680  1.000  0.633  0.395  0.198  0.181  0.311  0.307  0.299  0.248  0.101 -0.036 -0.097 -0.109 -0.156 -0.088 -0.072 -0.062 -0.050 -0.039 -0.032 -0.009 -0.003  0.019  0.081  0.022  0.048  0.062  0.031  0.009 -0.020  0.017 -0.013  0.023  0.079  0.026 -0.011  0.036  0.034 -0.008 -0.067 -0.043 -0.037 -0.044 -0.060 -0.025  0.003 -0.037 -0.031 -0.113 -0.083 -0.120 -0.193 -0.171 -0.182 -0.118 -0.154 -0.144 -0.082 -0.043 -0.072 -0.058 -0.120 -0.103 -0.118 -0.090 -0.065 -0.042 -0.063 -0.052 -0.004  0.012  0.001  0.038  0.065  0.077  0.074  0.054  0.084  0.081  0.071  0.041  0.052  0.063  0.101  0.142  0.075  0.058  0.068  0.023  0.043  0.004 -0.002 -0.029  0.004  0.014  0.022 -0.038 -0.056 -0.052 -0.012  0.026  0.018 -0.015 -0.028  0.112  0.189  0.289  0.249  0.339  0.296  0.416  0.370  0.358  0.173  0.060  0.020 -0.044 -0.056 -0.060 -0.048 -0.043 -0.060 -0.098 -0.091 -0.111 -0.126 -0.161 -0.170 -0.196 -0.200 -0.212 -0.206 -0.182 -0.164 -0.196 -0.160 -0.157 -0.190 -0.144 -0.148 -0.141 -0.114 -0.091 -0.087 -0.050 -0.032
  0.045  0.042  0.040 -0.014  0.018  0.059  0.099  0.062  0.152 -0.010 -0.010  0.077  0.371  0.633  1.000  0.713  0.505  0.483  0.550  0.448  0.407  0.284  0.144 -0.008 -0.126 -0.143 -0.158 -0.107 -0.103 -0.093 -0.075 -0.071 -0.049 -0.029 -0.028  0.000  0.074  0.036  0.059  0.046  0.004  0.011 -0.029  0.034  0.064  0.102  0.123  0.037  0.006  0.064  0.026 -0.029 -0.110 -0.097 -0.094 -0.084 -0.104 -0.069 -0.047 -0.085 -0.070 -0.139 -0.091 -0.088 -0.144 -0.098 -0.148 -0.133 -0.121 -0.153 -0.117 -0.100 -0.120 -0.108 -0.162 -0.120 -0.105 -0.070 -0.040 -0.019 -0.058 -0.039  0.032  0.031 -0.004  0.058  0.074  0.088  0.086  0.070  0.141  0.105  0.086  0.030  0.026  0.054  0.095  0.140  0.082  0.058  0.051  0.041  0.058  0.025  0.011  0.027  0.044  0.037  0.030 -0.055 -0.041 -0.022 -0.042 -0.057 -0.050 -0.155 -0.132  0.007  0.101  0.265  0.300  0.423  0.463  0.478  0.244  0.129  0.037 -0.000 -0.023  0.006  0.032 -0.001  0.009  0.046  0.040  0.000  0.005 -0.018 -0.054 -0.091 -0.125 -0.187 -0.211 -0.248 -0.223 -0.181 -0.183 -0.238 -0.227 -0.243 -0.245 -0.153 -0.107 -0.081 -0.037 -0.019 -0.019  0.014  0.024
  0.057  0.046  0.017 -0.057 -0.029 -0.030 -0.012 -0.058  0.056 -0.095 -0.113 -0.086  0.220  0.395  0.713  1.000  0.771  0.686  0.658  0.443  0.357  0.216  0.082 -0.028 -0.165 -0.182 -0.181 -0.127 -0.119 -0.109 -0.087 -0.082 -0.054 -0.019 -0.028  0.004  0.092  0.060  0.071  0.042 -0.005 -0.010 -0.062  0.010  0.073  0.090  0.085  0.018 -0.009  0.024 -0.001 -0.040 -0.123 -0.124 -0.130 -0.091 -0.109 -0.067 -0.058 -0.105 -0.091 -0.146 -0.084 -0.090 -0.139 -0.067 -0.128 -0.120 -0.092 -0.126 -0.095 -0.089 -0.108 -0.104 -0.161 -0.118 -0.094 -0.060 -0.028 -0.001 -0.043 -0.015  0.053  0.044  0.010  0.071  0.082  0.106  0.104  0.085  0.181  0.116  0.088 -0.009 -0.030 -0.002  0.036  0.074  0.033  0.017  0.001  0.014  0.052  0.025  0.016  0.043  0.066  0.065  0.061 -0.049 -0.034 -0.011 -0.064 -0.105 -0.086 -0.239 -0.152 -0.034  0.078  0.278  0.362  0.522  0.603  0.409  0.129 -0.014 -0.036 -0.022 -0.050  0.036  0.094  0.027  0.026  0.074  0.095  0.054  0.072  0.043 -0.009 -0.060 -0.105 -0.195 -0.230 -0.278 -0.247 -0.191 -0.213 -0.271 -0.259 -0.283 -0.269 -0.155 -0.081 -0.055  0.002  0.016  0.027  0.062  0.064
  0.014 -0.008 -0.059 -0.086 -0.044 -0.065 -0.066 -0.184 -0.122 -0.252 -0.262 -0.256  0.022  0.198  0.505  0.771  1.000  0.807  0.624  0.367  0.231  0.128  0.051 -0.018 -0.123 -0.136 -0.101 -0.077 -0.101 -0.075 -0.044 -0.071 -0.064 -0.019 -0.034 -0.015  0.056  0.051  0.049 -0.005 -0.040 -0.038 -0.065  0.033  0.153  0.198  0.154  0.052  0.065  0.123  0.025 -0.005 -0.125 -0.146 -0.152 -0.098 -0.120 -0.095 -0.110 -0.155 -0.148 -0.131 -0.065  0.004 -0.012  0.067 -0.014 -0.067  0.009 -0.064 -0.095 -0.120 -0.139 -0.151 -0.145 -0.099 -0.061 -0.048 -0.016 -0.007 -0.055 -0.034  0.031  0.011 -0.040  0.014  0.016  0.032  0.038  0.044  0.185  0.089  0.063 -0.065 -0.047  0.009  0.043  0.057  0.046  0.011 -0.021  0.009  0.015  0.008  0.033  0.055  0.049  0.034  0.043 -0.071  0.002  0.026 -0.063 -0.131 -0.084 -0.276 -0.180 -0.129 -0.069  0.063  0.134  0.288  0.460  0.292  0.029 -0.118 -0.094 -0.008 -0.032  0.097  0.157  0.078  0.088  0.139  0.160  0.132  0.141  0.123  0.089  0.053 -0.004 -0.106 -0.166 -0.240 -0.194 -0.158 -0.183 -0.241 -0.257 -0.281 -0.232 -0.094  0.008  0.036  0.093  0.079  0.082  0.092  0.097
  0.053  0.042 -0.013 -0.128 -0.075 -0.072 -0.055 -0.162 -0.090 -0.201 -0.229 -0.258  0.016  0.181  0.483  0.686  0.807  1.000  0.768  0.394  0.258  0.171  0.095  0.018 -0.088 -0.121 -0.102 -0.072 -0.098 -0.101 -0.079 -0.087 -0.078 -0.042 -0.056 -0.035 -0.009  0.022  0.044  0.024 -0.026 -0.014 -0.054  0.022  0.140  0.185  0.150  0.063  0.059  0.115  0.035 -0.008 -0.129 -0.154 -0.161 -0.103 -0.114 -0.098 -0.083 -0.140 -0.122 -0.125 -0.074 -0.047 -0.056  0.021 -0.009 -0.071 -0.032 -0.092 -0.100 -0.118 -0.134 -0.130 -0.143 -0.085 -0.059 -0.040 -0.010  0.021 -0.028 -0.013  0.063  0.053 -0.003  0.055  0.063  0.081  0.072  0.056  0.209  0.125  0.088 -0.040 -0.045  0.004  0.031  0.036  0.035  0.005 -0.031  0.006  0.036  0.007 -0.013  0.028  0.051  0.047  0.051 -0.073 -0.014 -0.001 -0.059 -0.107 -0.045 -0.231 -0.134 -0.090 -0.043  0.083  0.151  0.274  0.393  0.244 -0.007 -0.149 -0.101 -0.036 -0.072  0.080  0.123  0.061  0.095  0.157  0.182  0.130  0.126  0.104  0.073  0.037 -0.004 -0.099 -0.156 -0.225 -0.177 -0.134 -0.158 -0.212 -0.230 -0.265 -0.210 -0.065  0.016  0.025  0.083  0.057  0.072  0.099  0.119
  0.047  0.031  0.012 -0.086 -0.068 -0.013  0.009 -0.064  0.064 -0.108 -0.165 -0.181  0.116  0.311  0.550  0.658  0.624  0.768  1.000  0.642  0.400  0.303  0.164 -0.005 -0.141 -0.181 -0.179 -0.136 -0.135 -0.127 -0.107 -0.112 -0.062 -0.030 -0.050 -0.033  0.092  0.006  0.048  0.036 -0.031  0.004 -0.043  0.020  0.103  0.143  0.159  0.096  0.059  0.121  0.067  0.006 -0.146 -0.138 -0.153 -0.123 -0.154 -0.107 -0.077 -0.132 -0.077 -0.123 -0.072 -0.060 -0.109 -0.025 -0.046 -0.101 -0.097 -0.109 -0.103 -0.087 -0.112 -0.119 -0.150 -0.079 -0.048 -0.022 -0.001  0.052  0.012  0.004  0.081  0.092  0.028  0.071  0.093  0.115  0.134  0.096  0.208  0.120  0.060  0.000 -0.022  0.025  0.049  0.055  0.046  0.055  0.014  0.034  0.076  0.031  0.025  0.052  0.044  0.061  0.056 -0.060 -0.034 -0.024 -0.032 -0.088 -0.043 -0.262 -0.122 -0.005  0.066  0.220  0.201  0.309  0.285  0.169 -0.030 -0.103 -0.026 -0.030 -0.024  0.132  0.133  0.065  0.096  0.179  0.175  0.109  0.063  0.023  0.013 -0.055 -0.069 -0.184 -0.257 -0.318 -0.263 -0.203 -0.217 -0.296 -0.300 -0.342 -0.307 -0.166 -0.096 -0.067  0.028  0.014  0.048  0.073  0.132
  0.038  0.063  0.063  0.025 -0.029  0.053  0.103  0.004  0.155 -0.007 -0.093 -0.097  0.170  0.307  0.448  0.443  0.367  0.394  0.642  1.000  0.703  0.511  0.321  0.096 -0.110 -0.147 -0.142 -0.105 -0.101 -0.074 -0.043 -0.084 -0.055  0.032  0.029 -0.022  0.098  0.039  0.054  0.019 -0.046 -0.006 -0.080  0.001  0.050  0.062  0.073 -0.002 -0.065 -0.033 -0.114 -0.097 -0.247 -0.210 -0.176 -0.123 -0.177 -0.117 -0.086 -0.151 -0.092 -0.177 -0.099 -0.094 -0.114  0.003 -0.044 -0.129 -0.082 -0.138 -0.116 -0.151 -0.154 -0.145 -0.175 -0.101 -0.068 -0.046  0.008  0.067  0.018  0.017  0.117  0.113  0.035  0.080  0.121  0.183  0.201  0.194  0.254  0.124  0.071  0.050 -0.033  0.012  0.025  0.046  0.050  0.081  0.094  0.088  0.120  0.079  0.072  0.075  0.054  0.100  0.058  0.077  0.028 -0.146 -0.116 -0.099 -0.099 -0.211 -0.162  0.144  0.236  0.297  0.213  0.274  0.165  0.093 -0.057 -0.048  0.062  0.117  0.158  0.179  0.071  0.069  0.108  0.129  0.053 -0.054 -0.104 -0.156 -0.163 -0.209 -0.193 -0.196 -0.229 -0.249 -0.182 -0.142 -0.162 -0.218 -0.215 -0.278 -0.273 -0.252 -0.241 -0.210 -0.141 -0.112 -0.008  0.034  0.110
  0.091  0.124  0.124  0.043 -0.018  0.068  0.151  0.071  0.251  0.118  0.016  0.014  0.260  0.299  0.407  0.357  0.231  0.258  0.400  0.703  1.000  0.714  0.418  0.138 -0.062 -0.090 -0.154 -0.084 -0.033 -0.071 -0.064 -0.033 -0.032 -0.008 -0.002 -0.012  0.076  0.041  0.051  0.038 -0.017  0.002 -0.096 -0.046 -0.045 -0.064 -0.050 -0.089 -0.177 -0.173 -0.177 -0.158 -0.235 -0.206 -0.148 -0.122 -0.153 -0.092 -0.038 -0.100 -0.050 -0.159 -0.078 -0.134 -0.177 -0.077 -0.045 -0.117 -0.116 -0.161 -0.090 -0.131 -0.129 -0.098 -0.155 -0.076 -0.055 -0.025  0.031  0.074  0.025  0.046  0.139  0.122  0.063  0.116  0.142  0.191  0.207  0.202  0.260  0.167  0.110  0.072 -0.014 -0.002 -0.035  0.009  0.001  0.043  0.080  0.075  0.115  0.066  0.019  0.048  0.072  0.112  0.060  0.091  0.004 -0.172 -0.110 -0.060 -0.066 -0.142 -0.080  0.207  0.344  0.342  0.226  0.261  0.125  0.071 -0.031 -0.036  0.066  0.117  0.154  0.143  0.044  0.014  0.023  0.024 -0.041 -0.152 -0.187 -0.229 -0.239 -0.264 -0.260 -0.220 -0.239 -0.223 -0.152 -0.099 -0.117 -0.168 -0.148 -0.210 -0.233 -0.222 -0.257 -0.261 -0.211 -0.179 -0.079 -0.031  0.043
  0.056  0.107  0.090  0.001 -0.025  0.087  0.165  0.072  0.194  0.066 -0.022 -0.001  0.191  0.248  0.284  0.216  0.128  0.171  0.303  0.511  0.714  1.000  0.758  0.356  0.104 -0.014 -0.081 -0.025  0.015 -0.043 -0.047 -0.002 -0.016 -0.038 -0.038 -0.029  0.036 -0.000  0.020  0.006 -0.020  0.010 -0.064 -0.030 -0.039 -0.065 -0.048 -0.069 -0.158 -0.143 -0.133 -0.113 -0.179 -0.157 -0.113 -0.105 -0.152 -0.115 -0.060 -0.082 -0.034 -0.130 -0.056 -0.098 -0.125 -0.066 -0.025 -0.119 -0.146 -0.198 -0.111 -0.144 -0.145 -0.086 -0.132 -0.053 -0.041 -0.007  0.044  0.095  0.044  0.040  0.135  0.120  0.060  0.099  0.118  0.161  0.183  0.169  0.223  0.144  0.073  0.050 -0.003  0.011 -0.032 -0.011 -0.002  0.046  0.059  0.067  0.102  0.043  0.002  0.075  0.088  0.092  0.028  0.039 -0.037 -0.150 -0.078 -0.032 -0.048 -0.070 -0.040  0.143  0.224  0.216  0.137  0.163  0.036  0.003 -0.042 -0.028  0.039  0.068  0.129  0.135  0.021 -0.010 -0.005 -0.008 -0.052 -0.160 -0.193 -0.215 -0.222 -0.219 -0.204 -0.173 -0.184 -0.161 -0.115 -0.075 -0.065 -0.076 -0.054 -0.114 -0.139 -0.105 -0.210 -0.237 -0.196 -0.177 -0.109 -0.055  0.015
 -0.019  0.046 -0.003 -0.057 -0.076 -0.017  0.045 -0.008  0.065  0.017 -0.033 -0.039  0.055  0.101  0.144  0.082  0.051  0.095  0.164  0.321  0.418  0.758  1.000  0.646  0.282  0.078  0.042  0.038  0.068  0.008 -0.005  0.014 -0.009 -0.041 -0.050 -0.058 -0.074 -0.044 -0.021 -0.045 -0.048 -0.017 -0.059 -0.042 -0.045 -0.062 -0.058 -0.077 -0.137 -0.134 -0.094 -0.058 -0.081 -0.092 -0.066 -0.047 -0.081 -0.095 -0.067 -0.068 -0.040 -0.109 -0.075 -0.091 -0.067 -0.049  0.013 -0.092 -0.173 -0.232 -0.161 -0.175 -0.145 -0.082 -0.108 -0.033 -0.014  0.011  0.048  0.094  0.037  0.021  0.103  0.088  0.026  0.052  0.073  0.131  0.164  0.157  0.158  0.068 -0.011 -0.015 -0.039 -0.020 -0.050 -0.035 -0.023  0.010  0.029  0.066  0.073  0.026  0.008  0.099  0.082  0.061 -0.006  0.014 -0.052 -0.153 -0.099 -0.052 -0.093 -0.033 -0.070  0.089  0.096  0.091  0.059  0.073 -0.008 -0.020 -0.053 -0.047 -0.011  0.007  0.090  0.116 -0.002 -0.010  0.012  0.005 -0.012 -0.139 -0.166 -0.168 -0.186 -0.149 -0.133 -0.097 -0.085 -0.049 -0.034 -0.018  0.012  0.051  0.066 -0.011 -0.050 -0.033 -0.159 -0.183 -0.174 -0.150 -0.089 -0.042  0.013
 -0.074 -0.013 -0.067 -0.027 -0.036 -0.014  0.018 -0.020 -0.072 -0.051 -0.038 -0.031 -0.056 -0.036 -0.008 -0.028 -0.018  0.018 -0.005  0.096  0.138  0.356  0.646  1.000  0.608  0.312  0.262  0.209  0.214  0.153  0.104  0.074  0.060  0.052  0.011 -0.027 -0.069 -0.021 -0.016 -0.074 -0.087 -0.052 -0.058 -0.056 -0.101 -0.120 -0.145 -0.155 -0.170 -0.192 -0.126 -0.096 -0.073 -0.098 -0.067 -0.034 -0.012 -0.046 -0.056 -0.070 -0.064 -0.078 -0.043 -0.019  0.074  0.025  0.060 -0.043 -0.121 -0.221 -0.202 -0.223 -0.174 -0.098 -0.071  0.004  0.034  0.056  0.077  0.082  0.025  0.015  0.047  0.023 -0.031 -0.034 -0.041  0.023  0.072  0.106 -0.015 -0.068 -0.087 -0.028 -0.072 -0.053 -0.066 -0.064 -0.034 -0.045 -0.009  0.018 -0.015 -0.015 -0.011  0.049 -0.003 -0.024 -0.027 -0.003 -0.088 -0.133 -0.083  0.012 -0.104  0.042 -0.115 -0.047 -0.090 -0.085 -0.029  0.009 -0.007 -0.021 -0.036 -0.055 -0.066 -0.048 -0.030 -0.027 -0.109 -0.093 -0.039 -0.090 -0.049 -0.145 -0.126 -0.108 -0.122 -0.072 -0.045  0.050  0.082  0.160  0.139  0.129  0.183  0.264  0.253  0.179  0.146  0.062 -0.072 -0.078 -0.131 -0.113 -0.114 -0.074 -0.044
  0.030  0.010 -0.026  0.001  0.031  0.064  0.074  0.041 -0.096 -0.035 -0.020 -0.003 -0.104 -0.097 -0.126 -0.165 -0.123 -0.088 -0.141 -0.110 -0.062  0.104  0.282  0.608  1.000  0.724  0.527  0.477  0.473  0.363  0.242  0.220  0.182  0.110  0.048  0.017 -0.097 -0.021 -0.027 -0.060 -0.067 -0.063 -0.067 -0.075 -0.110 -0.146 -0.184 -0.201 -0.184 -0.195 -0.150 -0.144 -0.089 -0.103 -0.080 -0.066 -0.005 -0.048 -0.059 -0.086 -0.102 -0.103 -0.048 -0.024  0.078  0.002  0.070 -0.048 -0.088 -0.185 -0.142 -0.182 -0.191 -0.117 -0.069  0.005  0.044  0.074  0.080  0.076  0.020  0.006  0.023 -0.014 -0.059 -0.066 -0.076 -0.052 -0.048 -0.012 -0.064 -0.040 -0.053 -0.030 -0.047 -0.025 -0.062 -0.051 -0.008 -0.039 -0.010 -0.002 -0.049 -0.045 -0.054 -0.030 -0.062 -0.099 -0.056 -0.050 -0.087 -0.033  0.026  0.136  0.032  0.191 -0.009 -0.125 -0.187 -0.207 -0.151 -0.111 -0.084 -0.045 -0.030 -0.027 -0.059 -0.054 -0.068 -0.107 -0.124 -0.126 -0.099 -0.163 -0.107 -0.155 -0.127 -0.090 -0.087 -0.015  0.015  0.153  0.188  0.296  0.290  0.256  0.377  0.480  0.386  0.350  0.285  0.209  0.055  0.044 -0.065 -0.085 -0.143 -0.137 -0.112
  0.117  0.051  0.020  0.017  0.035  0.067  0.075  0.044 -0.121 -0.049 -0.023  0.002 -0.101 -0.109 -0.143 -0.182 -0.136 -0.121 -0.181 -0.147 -0.090 -0.014  0.078  0.312  0.724  1.000  0.716  0.515  0.584  0.544  0.344  0.283  0.266  0.178  0.081  0.035 -0.104 -0.017 -0.029 -0.041 -0.040 -0.044 -0.057 -0.069 -0.108 -0.135 -0.173 -0.206 -0.197 -0.184 -0.160 -0.167 -0.111 -0.127 -0.101 -0.110 -0.018 -0.066 -0.084 -0.112 -0.117 -0.098 -0.028 -0.016  0.089 -0.021  0.083 -0.056 -0.093 -0.189 -0.156 -0.207 -0.211 -0.147 -0.088  0.005  0.054  0.091  0.104  0.090  0.022  0.016  0.031 -0.017 -0.076 -0.085 -0.092 -0.083 -0.087 -0.045 -0.037  0.018  0.006 -0.004 -0.028 -0.004 -0.017 -0.005  0.040  0.001  0.017  0.008 -0.027 -0.028 -0.058 -0.048 -0.072 -0.121 -0.073 -0.065 -0.077 -0.023  0.016  0.133 -0.008  0.163 -0.046 -0.157 -0.198 -0.218 -0.175 -0.121 -0.085 -0.037 -0.008  0.000 -0.018 -0.013 -0.032 -0.064 -0.078 -0.071 -0.054 -0.150 -0.108 -0.154 -0.116 -0.073 -0.078  0.019  0.007  0.217  0.205  0.294  0.351  0.326  0.465  0.522  0.336  0.292  0.237  0.168  0.034  0.077 -0.057 -0.065 -0.148 -0.156 -0.095
 -0.001 -0.041 -0.052  0.023  0.041  0.057  0.051 -0.041 -0.214 -0.151 -0.118 -0.072 -0.184 -0.156 -0.158 -0.181 -0.101 -0.102 -0.179 -0.142 -0.154 -0.081  0.042  0.262  0.527  0.716  1.000  0.674  0.476  0.570  0.482  0.296  0.233  0.200  0.114  0.035 -0.111 -0.050 -0.066 -0.082 -0.052 -0.040 -0.008  0.007 -0.013 -0.027 -0.091 -0.124 -0.100 -0.091 -0.101 -0.091 -0.058 -0.082 -0.076 -0.086 -0.021 -0.066 -0.106 -0.103 -0.108 -0.030  0.034  0.090  0.190  0.091  0.119 -0.009 -0.034 -0.119 -0.108 -0.168 -0.167 -0.116 -0.011  0.062  0.104  0.110  0.098  0.061  0.024  0.005 -0.015 -0.053 -0.100 -0.124 -0.127 -0.129 -0.128 -0.083 -0.104 -0.075 -0.062 -0.012 -0.005  0.040  0.010  0.012  0.067  0.027  0.021  0.017 -0.026 -0.025 -0.034 -0.038 -0.081 -0.149 -0.076 -0.064 -0.077 -0.021 -0.034  0.089 -0.063  0.062 -0.122 -0.223 -0.266 -0.284 -0.221 -0.165 -0.111 -0.070 -0.050 -0.031 -0.052 -0.037 -0.060 -0.091 -0.097 -0.063 -0.033 -0.122 -0.068 -0.098 -0.038  0.015  0.026  0.137  0.139  0.307  0.277  0.293  0.318  0.263  0.361  0.461  0.289  0.226  0.216  0.125  0.078  0.133 -0.005 -0.013 -0.107 -0.104 -0.063
 -0.021 -0.028 -0.008  0.073  0.136  0.157  0.156  0.045 -0.121 -0.082 -0.071 -0.011 -0.108 -0.088 -0.107 -0.127 -0.077 -0.072 -0.136 -0.105 -0.084 -0.025  0.038  0.209  0.477  0.515  0.674  1.000  0.671  0.548  0.594  0.516  0.344  0.284  0.240  0.179  0.008  0.033  0.007 -0.050 -0.007 -0.020 -0.003 -0.002 -0.023 -0.026 -0.054 -0.084 -0.060 -0.061 -0.060 -0.052 -0.030 -0.055 -0.009 -0.016  0.025  0.001 -0.057 -0.057 -0.089 -0.033  0.010  0.037  0.090  0.029  0.020 -0.025 -0.017 -0.087 -0.085 -0.125 -0.127 -0.098 -0.030  0.001  0.044  0.043  0.029 -0.011 -0.042 -0.050 -0.064 -0.104 -0.115 -0.126 -0.129 -0.118 -0.130 -0.079 -0.101 -0.070 -0.023  0.024  0.069  0.070  0.029  0.029  0.053  0.014  0.025  0.001 -0.022 -0.009 -0.016 -0.027 -0.043 -0.095 -0.029 -0.039 -0.029  0.032  0.035  0.243  0.066  0.078 -0.107 -0.180 -0.211 -0.213 -0.169 -0.128 -0.074 -0.036 -0.018 -0.013 -0.057 -0.071 -0.085 -0.131 -0.143 -0.094 -0.051 -0.096 -0.044 -0.080 -0.038 -0.022 -0.022  0.033 -0.006  0.049  0.065  0.100  0.089  0.089  0.174  0.243  0.160  0.117  0.076  0.058  0.070  0.144  0.010  0.005 -0.073 -0.065 -0.053
  0.038  0.015  0.045  0.088  0.136  0.134  0.122  0.069 -0.055 -0.024 -0.013  0.012 -0.062 -0.072 -0.103 -0.119 -0.101 -0.098 -0.135 -0.101 -0.033  0.015  0.068  0.214  0.473  0.584  0.476  0.671  1.000  0.728  0.525  0.593  0.542  0.360  0.257  0.237  0.074  0.091  0.058 -0.009  0.007 -0.019 -0.030 -0.051 -0.106 -0.127 -0.142 -0.167 -0.154 -0.136 -0.098 -0.102 -0.059 -0.080 -0.008 -0.012  0.057  0.031 -0.038 -0.068 -0.102 -0.084 -0.019 -0.036  0.036 -0.044  0.003 -0.068 -0.097 -0.179 -0.172 -0.182 -0.174 -0.151 -0.107 -0.054 -0.014  0.009  0.024 -0.008 -0.059 -0.045 -0.030 -0.083 -0.108 -0.090 -0.106 -0.082 -0.097 -0.037 -0.047 -0.017  0.022  0.038  0.057  0.029  0.009  0.025  0.039  0.005  0.043  0.034 -0.004  0.017 -0.022 -0.007 -0.001 -0.048 -0.023 -0.042 -0.023  0.049  0.067  0.213  0.077  0.100 -0.091 -0.132 -0.142 -0.155 -0.118 -0.072 -0.053 -0.024 -0.008 -0.008 -0.033 -0.047 -0.064 -0.075 -0.107 -0.081 -0.060 -0.133 -0.096 -0.128 -0.101 -0.083 -0.089 -0.036 -0.102 -0.006  0.002  0.077  0.102  0.120  0.214  0.237  0.171  0.131  0.063  0.071  0.025  0.106 -0.014 -0.030 -0.129 -0.122 -0.080
  0.012 -0.033  0.024  0.099  0.121  0.129  0.097  0.026 -0.099 -0.069 -0.045  0.007 -0.075 -0.062 -0.093 -0.109 -0.075 -0.101 -0.127 -0.074 -0.071 -0.043  0.008  0.153  0.363  0.544  0.570  0.548  0.728  1.000  0.740  0.536  0.588  0.535  0.333  0.248  0.091  0.091  0.043 -0.012  0.014 -0.015 -0.004  0.000 -0.056 -0.069 -0.089 -0.123 -0.091 -0.062 -0.072 -0.073 -0.045 -0.065 -0.018 -0.028  0.055  0.041 -0.041 -0.067 -0.088 -0.056  0.007  0.018  0.100  0.011  0.030 -0.075 -0.074 -0.151 -0.148 -0.176 -0.168 -0.152 -0.089 -0.039  0.005  0.025  0.036 -0.015 -0.063 -0.045 -0.055 -0.105 -0.128 -0.115 -0.125 -0.121 -0.123 -0.071 -0.072 -0.039  0.001  0.035  0.058  0.061  0.042  0.066  0.082  0.048  0.064  0.063  0.015  0.023  0.000 -0.009 -0.031 -0.091 -0.038 -0.040 -0.045  0.026  0.018  0.139 -0.005  0.007 -0.171 -0.196 -0.171 -0.177 -0.132 -0.075 -0.054 -0.016 -0.006  0.002 -0.029 -0.036 -0.046 -0.064 -0.080 -0.052 -0.034 -0.126 -0.084 -0.115 -0.062 -0.041 -0.049 -0.008 -0.053  0.064  0.054  0.091  0.112  0.112  0.204  0.230  0.138  0.101  0.050  0.006 -0.015  0.086 -0.012  0.004 -0.109 -0.113 -0.057
 -0.060 -0.058  0.017  0.102  0.152  0.160  0.117  0.023 -0.092 -0.072 -0.060  0.005 -0.074 -0.050 -0.075 -0.087 -0.044 -0.079 -0.107 -0.043 -0.064 -0.047 -0.005  0.104  0.242  0.344  0.482  0.594  0.525  0.740  1.000  0.666  0.505  0.564  0.465  0.312  0.114  0.080  0.043 -0.030  0.015 -0.018  0.009  0.019  0.004 -0.003 -0.031 -0.069 -0.040 -0.022 -0.053 -0.051 -0.024 -0.038  0.008  0.008  0.056  0.057 -0.036 -0.042 -0.084 -0.050 -0.001  0.044  0.103  0.041  0.023 -0.027 -0.026 -0.087 -0.105 -0.139 -0.129 -0.124 -0.055 -0.041 -0.008 -0.010 -0.021 -0.073 -0.098 -0.087 -0.107 -0.139 -0.136 -0.131 -0.129 -0.130 -0.132 -0.067 -0.089 -0.075 -0.008  0.034  0.072  0.082  0.045  0.068  0.079  0.043  0.059  0.058  0.016  0.012  0.011 -0.009 -0.036 -0.089 -0.023 -0.032 -0.030  0.008 -0.020  0.156 -0.005 -0.017 -0.174 -0.168 -0.162 -0.153 -0.111 -0.074 -0.055 -0.018 -0.008  0.003 -0.040 -0.050 -0.030 -0.064 -0.098 -0.063 -0.026 -0.087 -0.039 -0.076 -0.031 -0.029 -0.046 -0.027 -0.066  0.001  0.010  0.029  0.029  0.033  0.097  0.128  0.060  0.029 -0.000 -0.047 -0.024  0.077 -0.014  0.021 -0.057 -0.058 -0.028
  0.002  0.006  0.060  0.122  0.226  0.177  0.124  0.063 -0.028 -0.002 -0.004  0.016 -0.034 -0.039 -0.071 -0.082 -0.071 -0.087 -0.112 -0.084 -0.033 -0.002  0.014  0.074  0.220  0.283  0.296  0.516  0.593  0.536  0.666  1.000  0.681  0.455  0.466  0.464  0.202  0.167  0.131  0.048  0.088  0.019  0.029  0.002 -0.049 -0.055 -0.044 -0.078 -0.067 -0.050 -0.030 -0.051  0.013  0.022  0.109  0.102  0.150  0.162  0.037  0.016 -0.067 -0.067 -0.033 -0.043 -0.000 -0.059 -0.044 -0.056 -0.103 -0.151 -0.141 -0.147 -0.143 -0.137 -0.110 -0.103 -0.083 -0.059 -0.047 -0.086 -0.118 -0.095 -0.090 -0.123 -0.123 -0.081 -0.091 -0.085 -0.108 -0.058 -0.038 -0.006  0.067  0.060  0.121  0.069  0.057  0.082  0.066  0.026  0.052  0.047  0.017  0.022 -0.009  0.010  0.011 -0.020 -0.011 -0.030  0.016  0.097  0.044  0.152  0.046  0.050 -0.067 -0.091 -0.079 -0.094 -0.069 -0.046 -0.027  0.003  0.016  0.016 -0.028 -0.056 -0.051 -0.083 -0.112 -0.087 -0.076 -0.117 -0.087 -0.104 -0.084 -0.086 -0.101 -0.078 -0.127 -0.095 -0.068 -0.023 -0.021  0.002  0.063  0.074  0.052  0.018 -0.028 -0.007 -0.013  0.038 -0.041 -0.026 -0.082 -0.082 -0.062
  0.063  0.016  0.052  0.079  0.144  0.127  0.087  0.044 -0.023 -0.018 -0.009 -0.003 -0.026 -0.032 -0.049 -0.054 -0.064 -0.078 -0.062 -0.055 -0.032 -0.016 -0.009  0.060  0.182  0.266  0.233  0.344  0.542  0.588  0.505  0.681  1.000  0.684  0.493  0.515  0.342  0.246  0.205  0.121  0.099  0.037  0.027 -0.009 -0.079 -0.088 -0.066 -0.080 -0.064 -0.040 -0.006 -0.037 -0.003  0.017  0.097  0.120  0.178  0.214  0.079  0.010 -0.047 -0.055 -0.004 -0.038  0.024 -0.056 -0.067 -0.084 -0.123 -0.172 -0.181 -0.166 -0.143 -0.158 -0.128 -0.096 -0.067 -0.031 -0.016 -0.046 -0.091 -0.062 -0.054 -0.093 -0.109 -0.066 -0.088 -0.082 -0.065 -0.032  0.002  0.030  0.063  0.065  0.094  0.046  0.040  0.072  0.050  0.032  0.049  0.058  0.022  0.029 -0.017  0.004 -0.005 -0.039 -0.039 -0.050 -0.033  0.065  0.046  0.119  0.041  0.004 -0.086 -0.109 -0.061 -0.066 -0.041 -0.005 -0.029 -0.021 -0.012 -0.012 -0.031 -0.055 -0.039 -0.043 -0.086 -0.061 -0.054 -0.121 -0.082 -0.125 -0.100 -0.097 -0.101 -0.089 -0.115 -0.085 -0.064 -0.023 -0.026 -0.011  0.057  0.067  0.047  0.017 -0.033 -0.021 -0.045  0.014 -0.045 -0.047 -0.123 -0.122 -0.058
 -0.000 -0.035  0.024  0.081  0.112  0.127  0.076  0.023 -0.020 -0.023 -0.015  0.005 -0.015 -0.009 -0.029 -0.019 -0.019 -0.042 -0.030  0.032 -0.008 -0.038 -0.041  0.052  0.110  0.178  0.200  0.284  0.360  0.535  0.564  0.455  0.684  1.000  0.676  0.469  0.333  0.204  0.181  0.068  0.043 -0.014 -0.008 -0.024 -0.044 -0.059 -0.051 -0.069 -0.065 -0.054 -0.053 -0.058 -0.070 -0.060  0.014  0.057  0.119  0.167  0.042 -0.045 -0.080 -0.063 -0.013  0.007  0.070  0.018 -0.032 -0.045  0.001 -0.050 -0.117 -0.129 -0.117 -0.148 -0.097 -0.080 -0.042 -0.028 -0.019 -0.050 -0.092 -0.073 -0.081 -0.108 -0.118 -0.095 -0.112 -0.122 -0.074 -0.013 -0.023 -0.022  0.029  0.046  0.037  0.008  0.026  0.050  0.036  0.014  0.028  0.043  0.006  0.009 -0.004 -0.016 -0.044 -0.068 -0.025 -0.027 -0.040  0.000 -0.008  0.099  0.001 -0.062 -0.152 -0.107 -0.054 -0.046 -0.019  0.013 -0.029 -0.041 -0.033 -0.038 -0.041 -0.031 -0.004 -0.030 -0.057 -0.041 -0.017 -0.084 -0.054 -0.074 -0.050 -0.080 -0.086 -0.121 -0.142 -0.099 -0.071 -0.045 -0.044 -0.023  0.025  0.033  0.012 -0.012 -0.067 -0.111 -0.102 -0.007 -0.041 -0.022 -0.076 -0.079 -0.024
 -0.026 -0.001  0.058  0.116  0.189  0.178  0.107  0.056  0.030  0.011  0.001  0.025  0.011 -0.003 -0.028 -0.028 -0.034 -0.056 -0.050  0.029 -0.002 -0.038 -0.050  0.011  0.048  0.081  0.114  0.240  0.257  0.333  0.465  0.466  0.493  0.676  1.000  0.660  0.375  0.252  0.258  0.105  0.088  0.015  0.021 -0.010 -0.026 -0.036 -0.020 -0.039 -0.051 -0.051 -0.038 -0.043 -0.033 -0.016  0.066  0.109  0.159  0.241  0.098  0.011 -0.057 -0.050 -0.035 -0.013  0.020  0.000 -0.048 -0.029 -0.020 -0.052 -0.106 -0.109 -0.095 -0.134 -0.083 -0.096 -0.063 -0.064 -0.055 -0.099 -0.136 -0.110 -0.129 -0.144 -0.137 -0.106 -0.114 -0.105 -0.076 -0.006 -0.020 -0.028  0.052  0.072  0.074  0.029  0.029  0.047  0.038  0.023  0.023  0.024 -0.006  0.001 -0.000 -0.014 -0.032 -0.050 -0.043 -0.046 -0.012  0.043  0.023  0.122  0.022 -0.044 -0.113 -0.053 -0.029 -0.010  0.013  0.021 -0.010 -0.016 -0.022 -0.018 -0.021 -0.025  0.012 -0.039 -0.083 -0.085 -0.068 -0.101 -0.081 -0.087 -0.087 -0.096 -0.101 -0.115 -0.142 -0.150 -0.112 -0.077 -0.079 -0.044 -0.011 -0.012 -0.023 -0.034 -0.082 -0.097 -0.069  0.002 -0.034 -0.033 -0.082 -0.099 -0.060
