  1.000  0.655  0.406  0.167  0.100  0.146  0.134  0.058  0.074 -0.009 -0.035  0.012 -0.014  0.068  0.054  0.080  0.055  0.080  0.079  0.059 -0.006 -0.050 -0.105 -0.013  0.026 -0.000  0.044  0.090  0.012  0.004  0.051  0.048  0.053  0.061  0.116  0.116  0.137  0.155  0.173  0.150  0.101 -0.010 -0.102 -0.231 -0.181 -0.137 -0.156 -0.113 -0.103 -0.121 -0.137 -0.163 -0.122 -0.072 -0.039  0.011  0.035  0.023 -0.034 -0.035 -0.121 -0.111 -0.129 -0.130 -0.055 -0.051 -0.052 -0.007 -0.050 -0.105 -0.100 -0.103 -0.088 -0.189 -0.133 -0.124 -0.052  0.018  0.059 -0.001  0.059  0.144  0.087  0.076  0.183  0.122  0.188  0.384  0.433  0.545  0.526  0.332  0.095  0.049  0.010 -0.082  0.003  0.005 -0.040 -0.039  0.005 -0.051 -0.140 -0.266 -0.207 -0.062 -0.010  0.104  0.050  0.058 -0.037 -0.001  0.023 -0.007  0.004 -0.037  0.007 -0.016  0.022  0.101  0.053  0.042 -0.015 -0.057 -0.074 -0.067 -0.071  0.012 -0.009 -0.010 -0.183 -0.127 -0.088 -0.032 -0.102 -0.134 -0.154 -0.152 -0.163 -0.147 -0.128 -0.047  0.004  0.001  0.030  0.042  0.048  0.135 -0.008 -0.076 -0.082 -0.089 -0.116 -0.087 -0.085 -0.036 -0.102 -0.057 -0.031
  0.655  1.000  0.635  0.247  0.229  0.252  0.214  0.100  0.060 -0.026 -0.092 -0.048 -0.124  0.002 -0.035 -0.019 -0.012 -0.022 -0.035 -0.016 -0.034 -0.075 -0.158  0.018  0.041  0.036  0.084  0.117  0.048  0.040  0.103  0.094  0.074  0.101  0.132  0.094  0.103  0.110  0.150  0.162  0.128  0.030 -0.026 -0.113 -0.077 -0.031 -0.068 -0.036 -0.024 -0.044 -0.057 -0.101 -0.100 -0.056 -0.045 -0.011  0.011  0.008 -0.023 -0.017 -0.067 -0.050 -0.084 -0.130 -0.063 -0.074 -0.085 -0.045 -0.085 -0.146 -0.122 -0.099 -0.087 -0.150 -0.123 -0.111 -0.059 -0.001  0.051  0.020  0.049  0.112  0.066  0.053  0.120  0.066  0.136  0.293  0.345  0.456  0.548  0.381  0.232  0.158  0.098  0.022  0.097  0.067  0.056  0.066  0.078  0.064  0.004 -0.146 -0.070  0.089  0.170  0.208  0.168  0.165  0.075  0.074  0.107  0.079  0.091  0.057  0.101  0.043 -0.048 -0.012 -0.046 -0.084 -0.129 -0.153 -0.108 -0.076 -0.127 -0.045 -0.080 -0.137 -0.261 -0.134 -0.094 -0.051 -0.106 -0.087 -0.133 -0.122 -0.122 -0.102 -0.078 -0.028  0.022  0.009  0.035  0.050  0.061  0.160  0.033 -0.017 -0.020 -0.020 -0.036 -0.033 -0.022  0.004 -0.028 -0.022 -0.044
  0.406  0.635  1.000  0.663  0.373  0.262  0.154 -0.002 -0.031 -0.052 -0.200 -0.228 -0.217 -0.064 -0.055 -0.060 -0.008  0.020 -0.017 -0.111 -0.134 -0.178 -0.234 -0.043 -0.028 -0.023  0.013  0.113  0.026 -0.011  0.095  0.105  0.067  0.073  0.082  0.050  0.031  0.026  0.171  0.206  0.192  0.137  0.079 -0.015  0.046  0.115  0.046  0.068  0.116  0.087  0.059  0.011  0.006  0.029  0.006 -0.001  0.019  0.045  0.045  0.035 -0.006  0.024 -0.036 -0.135 -0.052 -0.071 -0.070 -0.037 -0.093 -0.142 -0.148 -0.101 -0.111 -0.169 -0.161 -0.132 -0.105 -0.006  0.003 -0.037 -0.011  0.031 -0.020 -0.024  0.062  0.023  0.048  0.182  0.212  0.375  0.473  0.460  0.384  0.270  0.175  0.142  0.180  0.172  0.171  0.054  0.054  0.159  0.039 -0.070 -0.143 -0.041  0.131  0.324  0.468  0.424  0.241  0.114  0.049  0.008 -0.016 -0.006  0.043 -0.028 -0.104 -0.036 -0.101 -0.142 -0.163 -0.252 -0.260 -0.248 -0.268 -0.248 -0.163 -0.098 -0.100  0.037  0.157  0.262  0.094  0.094  0.008 -0.048 -0.134 -0.136 -0.138 -0.070 -0.064 -0.076 -0.046 -0.040 -0.008  0.090 -0.053 -0.095 -0.100 -0.096 -0.068  0.069  0.190  0.201  0.255  0.183  0.135
  0.167  0.247  0.663  1.000  0.551  0.218  0.043 -0.065 -0.061 -0.079 -0.241 -0.323 -0.217 -0.100 -0.038 -0.050  0.032  0.052  0.009 -0.147 -0.122 -0.168 -0.180 -0.100 -0.107 -0.082 -0.050  0.071 -0.012 -0.065  0.069  0.071  0.006 -0.009 -0.018 -0.046 -0.106 -0.141  0.055  0.125  0.144  0.179  0.171  0.135  0.170  0.240  0.160  0.143  0.192  0.178  0.147  0.115  0.088  0.078  0.018 -0.027 -0.019  0.033  0.070  0.054  0.048  0.068 -0.023 -0.156 -0.082 -0.100 -0.097 -0.069 -0.108 -0.113 -0.113 -0.071 -0.105 -0.143 -0.160 -0.146 -0.128 -0.059 -0.074 -0.113 -0.098 -0.080 -0.116 -0.118 -0.045 -0.044 -0.034  0.033  0.046  0.135  0.191  0.259  0.364  0.318  0.232  0.263  0.240  0.241  0.271  0.122  0.087  0.260  0.204  0.197  0.032  0.021  0.262  0.387  0.571  0.564  0.373  0.151  0.018 -0.024 -0.089 -0.036  0.005 -0.061 -0.176 -0.137 -0.128 -0.143 -0.160 -0.300 -0.351 -0.290 -0.268 -0.324 -0.185 -0.027  0.053  0.137  0.280  0.384  0.190  0.218  0.114  0.026 -0.090 -0.097 -0.142 -0.101 -0.133 -0.134 -0.101 -0.113 -0.096 -0.076 -0.132 -0.150 -0.112 -0.086 -0.039  0.139  0.298  0.276  0.391  0.288  0.212
  0.100  0.229  0.373  0.551  1.000  0.643  0.356  0.154 -0.028 -0.104 -0.232 -0.185 -0.176 -0.008 -0.033 -0.069  0.017  0.032 -0.027 -0.089 -0.071 -0.097 -0.104 -0.004 -0.005  0.047  0.156  0.163  0.112  0.142  0.261  0.194  0.147  0.216  0.167  0.044 -0.018 -0.005  0.023  0.098  0.130  0.135  0.120  0.034  0.100  0.150 -0.004  0.010  0.109  0.070 -0.000 -0.069 -0.091 -0.034 -0.074 -0.078 -0.066 -0.073 -0.056 -0.062 -0.040  0.034 -0.038 -0.050 -0.105 -0.154 -0.157 -0.119 -0.157 -0.181 -0.163 -0.163 -0.181 -0.169 -0.148 -0.119 -0.072 -0.032 -0.048 -0.089 -0.083 -0.062 -0.085 -0.122 -0.096 -0.080 -0.079 -0.046 -0.006  0.049  0.093  0.210  0.387  0.372  0.279  0.275  0.280  0.229  0.261  0.285  0.198  0.213  0.189  0.120  0.078  0.113  0.187  0.234  0.303  0.399  0.529  0.350  0.298  0.166  0.060  0.042  0.031 -0.020 -0.140 -0.149 -0.145 -0.143 -0.067 -0.106 -0.040 -0.035 -0.076 -0.078 -0.095 -0.149 -0.167 -0.083 -0.015  0.066  0.020  0.079  0.041  0.042 -0.007 -0.025 -0.071 -0.098 -0.111 -0.137 -0.126 -0.113 -0.077 -0.050 -0.075 -0.064  0.009  0.078  0.152  0.190  0.236  0.170  0.147  0.005 -0.069
  0.146  0.252  0.262  0.218  0.643  1.000  0.695  0.419  0.105 -0.045 -0.127 -0.034 -0.043  0.140  0.029 -0.000  0.030  0.035  0.011  0.030 -0.021  0.014 -0.047  0.101  0.074  0.141  0.230  0.172  0.145  0.192  0.237  0.194  0.166  0.255  0.259  0.188  0.167  0.175  0.102  0.107  0.087  0.037 -0.038 -0.149 -0.094 -0.041 -0.128 -0.119 -0.061 -0.069 -0.113 -0.133 -0.112 -0.042 -0.025  0.024  0.034 -0.019 -0.064 -0.103 -0.132 -0.082 -0.097 -0.025 -0.080 -0.096 -0.115 -0.100 -0.130 -0.158 -0.160 -0.164 -0.167 -0.157 -0.141 -0.129 -0.055 -0.030 -0.042 -0.076 -0.051 -0.035 -0.051 -0.070 -0.045 -0.055 -0.026  0.044  0.082  0.120  0.128  0.228  0.251  0.231  0.168  0.100  0.137  0.059  0.084  0.186  0.105  0.079  0.019 -0.120 -0.072  0.022  0.003  0.096  0.084  0.173  0.296  0.382  0.393  0.208  0.163  0.072  0.013 -0.004 -0.071 -0.025 -0.040 -0.066  0.005  0.017  0.119  0.041  0.016  0.035 -0.050 -0.238 -0.305 -0.181 -0.106 -0.048 -0.087 -0.104 -0.097 -0.047 -0.017 -0.020 -0.054 -0.087 -0.071 -0.100 -0.098 -0.057 -0.013  0.020 -0.017 -0.016  0.020  0.055  0.117  0.087  0.052  0.009 -0.042 -0.121 -0.132
  0.134  0.214  0.154  0.043  0.356  0.695  1.000  0.576  0.232  0.027 -0.085  0.049  0.050  0.211  0.080  0.035  0.043  0.073  0.066  0.116  0.092  0.091  0.010  0.140  0.117  0.147  0.245  0.160  0.117  0.161  0.163  0.103  0.090  0.158  0.182  0.120  0.124  0.148  0.056  0.045  0.028 -0.049 -0.108 -0.214 -0.171 -0.145 -0.231 -0.187 -0.115 -0.151 -0.193 -0.224 -0.189 -0.143 -0.105 -0.042 -0.031 -0.066 -0.129 -0.129 -0.179 -0.110 -0.113 -0.019 -0.079 -0.104 -0.123 -0.101 -0.127 -0.147 -0.145 -0.160 -0.129 -0.139 -0.098 -0.087  0.021  0.021  0.043  0.019  0.017  0.036  0.044  0.020  0.026  0.008  0.028  0.077  0.097  0.104  0.114  0.163  0.126  0.080  0.047 -0.017  0.038 -0.000  0.010  0.112  0.076 -0.012 -0.077 -0.177 -0.110 -0.015 -0.064  0.019 -0.046  0.023  0.156  0.294  0.435  0.269  0.309  0.174  0.093  0.041  0.024  0.015  0.010 -0.020  0.039  0.063  0.162  0.089  0.080  0.074 -0.042 -0.195 -0.293 -0.202 -0.174 -0.108 -0.141 -0.132 -0.126 -0.080 -0.039  0.003 -0.018 -0.039 -0.006 -0.044 -0.048 -0.005  0.042  0.078  0.065  0.066  0.095  0.099  0.109  0.041 -0.058 -0.079 -0.104 -0.150 -0.139
  0.058  0.100 -0.002 -0.065  0.154  0.419  0.576  1.000  0.513  0.240  0.199  0.325  0.297  0.334  0.168  0.140  0.120  0.070  0.048  0.089  0.048  0.073 -0.004  0.108  0.052  0.052  0.092  0.033  0.025  0.072  0.049  0.029  0.033  0.114  0.117  0.107  0.139  0.131  0.024 -0.013 -0.060 -0.114 -0.159 -0.182 -0.201 -0.176 -0.183 -0.207 -0.185 -0.135 -0.147 -0.142 -0.122 -0.100 -0.058  0.016 -0.002 -0.044 -0.093 -0.110 -0.175 -0.179 -0.175 -0.058 -0.169 -0.141 -0.129 -0.132 -0.118 -0.093 -0.081 -0.105 -0.070 -0.091 -0.079 -0.091 -0.043 -0.038 -0.027 -0.018 -0.021 -0.021  0.006  0.017  0.006 -0.004  0.008  0.035  0.038  0.024  0.014  0.027 -0.009 -0.022 -0.035 -0.061 -0.038 -0.090 -0.083  0.035 -0.005 -0.064 -0.069 -0.121 -0.065 -0.006 -0.072 -0.043 -0.081 -0.014  0.074  0.255  0.356  0.333  0.373  0.168  0.073  0.104  0.083  0.080  0.152  0.115  0.178  0.216  0.269  0.116  0.033  0.009 -0.129 -0.187 -0.304 -0.292 -0.245 -0.170 -0.160 -0.154 -0.119 -0.075 -0.030  0.020  0.004 -0.011  0.012 -0.047 -0.060 -0.025  0.039  0.083  0.100  0.102  0.124  0.099  0.094  0.034 -0.069 -0.073 -0.141 -0.145 -0.136
  0.074  0.060 -0.031 -0.061 -0.028  0.105  0.232  0.513  1.000  0.652  0.499  0.485  0.539  0.369  0.246  0.274  0.182  0.125  0.143  0.212  0.228  0.119 -0.048 -0.063 -0.106 -0.130 -0.058 -0.079 -0.108 -0.061 -0.068 -0.050 -0.034  0.040  0.054  0.081  0.137  0.117  0.053 -0.022 -0.107 -0.187 -0.261 -0.228 -0.320 -0.295 -0.191 -0.276 -0.337 -0.216 -0.180 -0.117 -0.089 -0.076 -0.017  0.066  0.048  0.033 -0.042 -0.031 -0.175 -0.239 -0.230 -0.096 -0.195 -0.117 -0.117 -0.161 -0.120 -0.045 -0.035 -0.038  0.040 -0.048 -0.049 -0.123 -0.118 -0.061 -0.044 -0.018  0.010  0.018  0.038  0.076  0.097  0.084  0.083  0.121  0.094  0.064  0.057 -0.008 -0.161 -0.162 -0.145 -0.219 -0.208 -0.217 -0.201 -0.128 -0.116 -0.156 -0.089 -0.088 -0.054 -0.025 -0.036 -0.030 -0.091 -0.060 -0.047  0.053  0.119  0.209  0.251  0.167  0.231  0.272  0.321  0.253  0.329  0.330  0.244  0.240  0.133  0.000 -0.079 -0.141 -0.220 -0.093 -0.190 -0.253 -0.208 -0.152 -0.151 -0.101 -0.099 -0.063 -0.084 -0.087 -0.103 -0.091 -0.076 -0.117 -0.112 -0.093 -0.077  0.005  0.010 -0.026  0.025  0.027  0.004 -0.027 -0.088 -0.077 -0.105 -0.086 -0.085
 -0.009 -0.026 -0.052 -0.079 -0.104 -0.045  0.027  0.240  0.652  1.000  0.740  0.542  0.495  0.146  0.085  0.129  0.062 -0.014 -0.010  0.067  0.109  0.016 -0.108 -0.146 -0.161 -0.189 -0.121 -0.096 -0.085 -0.037 -0.026  0.026  0.031  0.093  0.100  0.128  0.149  0.130  0.087  0.014 -0.081 -0.139 -0.221 -0.133 -0.229 -0.203 -0.064 -0.135 -0.221 -0.083 -0.040  0.033  0.033  0.065  0.122  0.160  0.136  0.111  0.058  0.039 -0.081 -0.183 -0.169 -0.063 -0.163 -0.067 -0.056 -0.095 -0.030  0.031  0.066  0.061  0.094  0.024 -0.056 -0.087 -0.150 -0.092 -0.100 -0.051 -0.024 -0.024 -0.006  0.049  0.069  0.049  0.043  0.066  0.046  0.025  0.026 -0.031 -0.141 -0.135 -0.139 -0.180 -0.225 -0.240 -0.204 -0.151 -0.155 -0.143 -0.035 -0.004  0.014  0.016 -0.010 -0.049 -0.079 -0.081 -0.096 -0.049 -0.038  0.051  0.124  0.107  0.181  0.337  0.318  0.264  0.257  0.253  0.189  0.248  0.111 -0.084 -0.207 -0.294 -0.313 -0.199 -0.102 -0.147 -0.119 -0.083 -0.097 -0.114 -0.072 -0.112 -0.100 -0.149 -0.112 -0.063 -0.063 -0.104 -0.109 -0.103 -0.099  0.038 -0.008 -0.042 -0.025 -0.051 -0.079 -0.091 -0.084 -0.079 -0.070 -0.077 -0.068
 -0.035 -0.092 -0.200 -0.241 -0.232 -0.127 -0.085  0.199  0.499  0.740  1.000  0.793  0.668  0.240  0.121  0.194  0.053 -0.074 -0.015  0.094  0.069  0.024 -0.089 -0.151 -0.154 -0.175 -0.115 -0.130 -0.113 -0.051 -0.068 -0.002  0.023  0.082  0.080  0.150  0.196  0.167  0.095 -0.014 -0.124 -0.178 -0.287 -0.153 -0.283 -0.265 -0.034 -0.132 -0.317 -0.136 -0.043  0.079  0.078  0.109  0.177  0.217  0.201  0.144  0.076  0.037 -0.104 -0.259 -0.181 -0.036 -0.120  0.019  0.027 -0.043  0.035  0.133  0.134  0.115  0.155  0.069 -0.025 -0.048 -0.170 -0.137 -0.152 -0.094 -0.050 -0.053 -0.041  0.041  0.076  0.043  0.034  0.050  0.033 -0.003  0.002 -0.059 -0.241 -0.222 -0.214 -0.293 -0.327 -0.325 -0.320 -0.239 -0.210 -0.236 -0.120 -0.073 -0.032 -0.062 -0.116 -0.163 -0.196 -0.184 -0.196 -0.129 -0.076 -0.041  0.036 -0.114 -0.055  0.161  0.231  0.325  0.380  0.398  0.339  0.468  0.333  0.081 -0.053 -0.127 -0.247 -0.125 -0.115 -0.235 -0.247 -0.278 -0.205 -0.237 -0.126 -0.154 -0.075 -0.136 -0.079 -0.028 -0.023 -0.064 -0.069 -0.075 -0.070  0.054 -0.013 -0.043 -0.051 -0.091 -0.104 -0.181 -0.199 -0.173 -0.228 -0.126 -0.117
  0.012 -0.048 -0.228 -0.323 -0.185 -0.034  0.049  0.325  0.485  0.542  0.793  1.000  0.757  0.432  0.257  0.244  0.109  0.026  0.052  0.139  0.084  0.055 -0.037 -0.065 -0.058 -0.092 -0.053 -0.099 -0.089 -0.028 -0.068 -0.031  0.005  0.062  0.040  0.075  0.141  0.140  0.045 -0.045 -0.137 -0.218 -0.300 -0.228 -0.316 -0.299 -0.151 -0.193 -0.303 -0.196 -0.133 -0.068 -0.053 -0.021  0.044  0.094  0.079  0.030 -0.036 -0.056 -0.180 -0.282 -0.213 -0.023 -0.174 -0.073 -0.051 -0.085 -0.018  0.054  0.072  0.032  0.074 -0.007 -0.058 -0.080 -0.154 -0.136 -0.127 -0.095 -0.059 -0.052 -0.023  0.040  0.077  0.069  0.057  0.071  0.040  0.012  0.022 -0.052 -0.212 -0.212 -0.201 -0.288 -0.264 -0.266 -0.282 -0.147 -0.123 -0.226 -0.142 -0.125 -0.043 -0.038 -0.149 -0.195 -0.274 -0.222 -0.167 -0.077  0.019  0.033  0.091 -0.072 -0.050  0.111  0.213  0.279  0.395  0.432  0.461  0.643  0.566  0.262  0.099  0.094 -0.104 -0.071 -0.209 -0.346 -0.380 -0.396 -0.316 -0.316 -0.194 -0.156 -0.048 -0.071 -0.034 -0.014  0.001 -0.034 -0.041 -0.033 -0.017  0.074  0.018 -0.010 -0.002 -0.042 -0.061 -0.175 -0.255 -0.223 -0.341 -0.236 -0.210
 -0.014 -0.124 -0.217 -0.217 -0.176 -0.043  0.050  0.297  0.539  0.495  0.668  0.757  1.000  0.707  0.546  0.540  0.371  0.348  0.374  0.361  0.228  0.173  0.050 -0.084 -0.094 -0.147 -0.095 -0.116 -0.102 -0.049 -0.092 -0.065 -0.008  0.073  0.057  0.076  0.165  0.172 -0.003 -0.131 -0.247 -0.319 -0.406 -0.399 -0.454 -0.430 -0.318 -0.381 -0.416 -0.275 -0.258 -0.166 -0.132 -0.112 -0.026  0.056  0.030 -0.028 -0.133 -0.165 -0.343 -0.411 -0.327 -0.069 -0.290 -0.201 -0.177 -0.212 -0.149 -0.050 -0.035 -0.091 -0.043 -0.157 -0.183 -0.203 -0.200 -0.157 -0.137 -0.143 -0.106 -0.074 -0.060 -0.025  0.035  0.026  0.002  0.058  0.046 -0.006 -0.029 -0.114 -0.309 -0.297 -0.262 -0.360 -0.347 -0.331 -0.333 -0.212 -0.195 -0.282 -0.135 -0.047  0.028 -0.004 -0.098 -0.059 -0.200 -0.200 -0.154 -0.080 -0.024 -0.050 -0.015 -0.148 -0.092  0.085  0.455  0.520  0.647  0.678  0.667  0.682  0.489  0.158  0.045 -0.033 -0.163 -0.007 -0.049 -0.226 -0.208 -0.220 -0.229 -0.226 -0.136 -0.158 -0.067 -0.126 -0.156 -0.133 -0.131 -0.151 -0.126 -0.110 -0.118 -0.053 -0.092 -0.168 -0.133 -0.120 -0.103 -0.174 -0.192 -0.166 -0.188 -0.116 -0.124
  0.068  0.002 -0.064 -0.100 -0.008  0.140  0.211  0.334  0.369  0.146  0.240  0.432  0.707  1.000  0.730  0.650  0.537  0.570  0.546  0.434  0.263  0.218  0.073  0.003 -0.004 -0.040 -0.011 -0.052 -0.036 -0.002 -0.049 -0.051  0.010  0.087  0.069  0.049  0.137  0.160 -0.048 -0.148 -0.219 -0.288 -0.350 -0.449 -0.411 -0.371 -0.416 -0.462 -0.354 -0.255 -0.304 -0.276 -0.237 -0.221 -0.150 -0.052 -0.086 -0.145 -0.246 -0.269 -0.419 -0.383 -0.340 -0.074 -0.340 -0.320 -0.302 -0.305 -0.286 -0.225 -0.208 -0.263 -0.219 -0.319 -0.271 -0.262 -0.141 -0.111 -0.079 -0.136 -0.128 -0.085 -0.077 -0.110 -0.058 -0.048 -0.066  0.030  0.046 -0.003 -0.031 -0.079 -0.193 -0.180 -0.162 -0.235 -0.168 -0.166 -0.184 -0.076 -0.085 -0.182 -0.112 -0.078  0.004  0.028 -0.078  0.046 -0.126 -0.116 -0.054  0.022  0.061  0.025  0.015 -0.055 -0.070  0.042  0.383  0.446  0.577  0.596  0.678  0.575  0.494  0.185  0.093  0.100 -0.025  0.014 -0.106 -0.215 -0.169 -0.123 -0.205 -0.175 -0.127 -0.122 -0.052 -0.088 -0.177 -0.187 -0.177 -0.181 -0.140 -0.111 -0.106 -0.079 -0.108 -0.188 -0.136 -0.086 -0.058 -0.110 -0.133 -0.126 -0.135 -0.114 -0.117
  0.054 -0.035 -0.055 -0.038 -0.033  0.029  0.080  0.168  0.246  0.085  0.121  0.257  0.546  0.730  1.000  0.796  0.657  0.763  0.741  0.582  0.398  0.313  0.206  0.061  0.028 -0.078 -0.052 -0.004 -0.027 -0.021 -0.040 -0.042 -0.015  0.084  0.079  0.036  0.123  0.161 -0.057 -0.167 -0.243 -0.300 -0.365 -0.525 -0.458 -0.393 -0.476 -0.548 -0.370 -0.269 -0.363 -0.309 -0.248 -0.230 -0.166 -0.074 -0.105 -0.155 -0.268 -0.292 -0.462 -0.414 -0.392 -0.107 -0.423 -0.420 -0.392 -0.413 -0.388 -0.319 -0.276 -0.334 -0.288 -0.383 -0.321 -0.322 -0.161 -0.138 -0.086 -0.146 -0.142 -0.081 -0.076 -0.115 -0.052 -0.028 -0.055  0.049  0.068  0.041 -0.003 -0.091 -0.206 -0.170 -0.153 -0.268 -0.231 -0.208 -0.204 -0.132 -0.154 -0.203 -0.072  0.006  0.069  0.067 -0.028  0.144 -0.054 -0.086 -0.043 -0.010 -0.022 -0.043 -0.085 -0.128 -0.144  0.048  0.480  0.554  0.678  0.690  0.682  0.449  0.274  0.018 -0.004  0.045  0.017  0.090 -0.016 -0.127 -0.038  0.025 -0.103 -0.092 -0.067 -0.087 -0.060 -0.116 -0.214 -0.231 -0.204 -0.186 -0.135 -0.111 -0.118 -0.139 -0.133 -0.251 -0.192 -0.125 -0.071 -0.076 -0.059 -0.057 -0.028 -0.029 -0.032
  0.080 -0.019 -0.060 -0.050 -0.069 -0.000  0.035  0.140  0.274  0.129  0.194  0.244  0.540  0.650  0.796  1.000  0.887  0.812  0.694  0.473  0.310  0.209  0.056 -0.051 -0.057 -0.114 -0.038 -0.029 -0.057 -0.018 -0.036 -0.035 -0.005  0.112  0.103  0.054  0.143  0.168 -0.074 -0.191 -0.295 -0.369 -0.423 -0.510 -0.509 -0.451 -0.473 -0.626 -0.486 -0.260 -0.327 -0.258 -0.223 -0.211 -0.161 -0.057 -0.095 -0.154 -0.258 -0.294 -0.495 -0.493 -0.474 -0.134 -0.495 -0.435 -0.407 -0.455 -0.413 -0.315 -0.272 -0.317 -0.241 -0.383 -0.332 -0.359 -0.188 -0.142 -0.108 -0.138 -0.114 -0.088 -0.084 -0.087 -0.030 -0.025 -0.032  0.064  0.070  0.022 -0.070 -0.174 -0.253 -0.203 -0.192 -0.283 -0.253 -0.223 -0.228 -0.175 -0.185 -0.223 -0.080 -0.007  0.057  0.034 -0.059  0.144 -0.056 -0.063 -0.043 -0.023 -0.012 -0.025 -0.061 -0.118 -0.168  0.129  0.508  0.645  0.802  0.806  0.713  0.403  0.203 -0.051 -0.088 -0.008 -0.052  0.037 -0.095 -0.183 -0.067  0.037 -0.105 -0.083 -0.039 -0.055 -0.054 -0.137 -0.218 -0.190 -0.190 -0.195 -0.144 -0.135 -0.134 -0.100 -0.135 -0.237 -0.194 -0.106 -0.062 -0.053 -0.028 -0.028 -0.030 -0.004  0.017
  0.055 -0.012 -0.008  0.032  0.017  0.030  0.043  0.120  0.182  0.062  0.053  0.109  0.371  0.537  0.657  0.887  1.000  0.855  0.604  0.296  0.191  0.102 -0.029 -0.073 -0.059 -0.065 -0.011 -0.042 -0.037  0.016 -0.019 -0.034 -0.006  0.101  0.068 -0.028  0.034  0.071 -0.143 -0.200 -0.262 -0.298 -0.292 -0.377 -0.363 -0.309 -0.406 -0.570 -0.360 -0.137 -0.241 -0.225 -0.227 -0.229 -0.219 -0.139 -0.179 -0.212 -0.271 -0.297 -0.435 -0.391 -0.429 -0.109 -0.528 -0.488 -0.447 -0.478 -0.447 -0.374 -0.312 -0.353 -0.288 -0.397 -0.326 -0.345 -0.149 -0.100 -0.078 -0.116 -0.109 -0.098 -0.100 -0.118 -0.088 -0.070 -0.063  0.007 -0.003 -0.044 -0.140 -0.227 -0.165 -0.109 -0.113 -0.111 -0.086 -0.054 -0.050 -0.036 -0.074 -0.094  0.034  0.103  0.142  0.111  0.023  0.202  0.020  0.008  0.037  0.016  0.019  0.029 -0.013 -0.013 -0.120  0.156  0.387  0.472  0.619  0.644  0.620  0.292  0.131 -0.097 -0.149 -0.048 -0.064  0.002 -0.100 -0.169 -0.044  0.108 -0.056 -0.023  0.013  0.001 -0.008 -0.065 -0.147 -0.123 -0.145 -0.158 -0.116 -0.114 -0.092 -0.073 -0.094 -0.172 -0.138 -0.041 -0.012  0.005  0.037  0.022  0.023  0.008  0.047
  0.080 -0.022  0.020  0.052  0.032  0.035  0.073  0.070  0.125 -0.014 -0.074  0.026  0.348  0.570  0.763  0.812  0.855  1.000  0.837  0.477  0.282  0.202  0.113 -0.007 -0.023 -0.072 -0.040 -0.012 -0.021 -0.005 -0.030 -0.052 -0.009  0.085  0.068 -0.020  0.048  0.095 -0.129 -0.204 -0.254 -0.281 -0.296 -0.496 -0.378 -0.333 -0.504 -0.573 -0.299 -0.188 -0.324 -0.320 -0.280 -0.283 -0.253 -0.169 -0.202 -0.241 -0.323 -0.349 -0.467 -0.362 -0.368 -0.078 -0.445 -0.485 -0.455 -0.452 -0.450 -0.410 -0.357 -0.410 -0.366 -0.457 -0.357 -0.345 -0.132 -0.081 -0.035 -0.122 -0.127 -0.073 -0.079 -0.148 -0.092 -0.059 -0.080  0.019  0.029  0.012 -0.062 -0.142 -0.168 -0.131 -0.111 -0.156 -0.115 -0.077 -0.070 -0.053 -0.081 -0.121  0.001  0.072  0.128  0.129  0.031  0.239  0.028 -0.013  0.029  0.011 -0.011 -0.034 -0.092 -0.077 -0.141  0.034  0.464  0.515  0.592  0.615  0.592  0.282  0.113 -0.087 -0.086 -0.022  0.004  0.094  0.030 -0.068  0.050  0.170 -0.018  0.014  0.022 -0.022 -0.028 -0.087 -0.203 -0.200 -0.208 -0.195 -0.140 -0.131 -0.129 -0.147 -0.144 -0.249 -0.186 -0.080 -0.038 -0.003  0.044  0.023  0.073  0.018  0.020
  0.079 -0.035 -0.017  0.009 -0.027  0.011  0.066  0.048  0.143 -0.010 -0.015  0.052  0.374  0.546  0.741  0.694  0.604  0.837  1.000  0.757  0.471  0.381  0.277  0.035 -0.048 -0.145 -0.104 -0.036 -0.058 -0.066 -0.075 -0.067 -0.018  0.057  0.082  0.062  0.145  0.172 -0.052 -0.160 -0.218 -0.258 -0.314 -0.513 -0.384 -0.350 -0.456 -0.480 -0.303 -0.243 -0.347 -0.290 -0.218 -0.210 -0.144 -0.057 -0.086 -0.148 -0.260 -0.290 -0.422 -0.350 -0.306 -0.080 -0.281 -0.328 -0.332 -0.333 -0.338 -0.305 -0.274 -0.325 -0.296 -0.386 -0.304 -0.286 -0.129 -0.089 -0.031 -0.136 -0.127 -0.041 -0.057 -0.137 -0.055 -0.044 -0.082  0.029  0.063  0.059  0.018 -0.043 -0.204 -0.180 -0.128 -0.240 -0.238 -0.217 -0.201 -0.174 -0.191 -0.207 -0.077 -0.030  0.036  0.065 -0.009  0.182 -0.008 -0.067 -0.045 -0.026 -0.058 -0.111 -0.163 -0.182 -0.181 -0.053  0.469  0.530  0.565  0.559  0.487  0.261  0.101 -0.047  0.012  0.050  0.077  0.153  0.122  0.018  0.094  0.126 -0.022 -0.005 -0.012 -0.074 -0.087 -0.165 -0.283 -0.290 -0.288 -0.264 -0.202 -0.189 -0.214 -0.256 -0.207 -0.314 -0.245 -0.166 -0.102 -0.063 -0.010 -0.013  0.058  0.022  0.015
  0.059 -0.016 -0.111 -0.147 -0.089  0.030  0.116  0.089  0.212  0.067  0.094  0.139  0.361  0.434  0.582  0.473  0.296  0.477  0.757  1.000  0.725  0.604  0.404  0.143  0.028 -0.109 -0.073 -0.017 -0.035 -0.053 -0.072 -0.049 -0.003  0.044  0.096  0.121  0.208  0.214  0.016 -0.094 -0.149 -0.220 -0.293 -0.420 -0.348 -0.346 -0.355 -0.341 -0.304 -0.285 -0.335 -0.258 -0.182 -0.157 -0.070  0.020  0.003 -0.062 -0.184 -0.192 -0.334 -0.301 -0.241 -0.087 -0.148 -0.171 -0.204 -0.227 -0.234 -0.202 -0.190 -0.221 -0.194 -0.266 -0.202 -0.197 -0.099 -0.075 -0.024 -0.099 -0.087 -0.006 -0.008 -0.062 -0.004 -0.015 -0.043  0.056  0.105  0.087  0.059  0.022 -0.195 -0.201 -0.124 -0.271 -0.288 -0.305 -0.281 -0.204 -0.228 -0.250 -0.124 -0.116 -0.027  0.020 -0.042  0.062 -0.118 -0.161 -0.116 -0.031 -0.049 -0.105 -0.114 -0.160 -0.119 -0.006  0.434  0.437  0.458  0.414  0.322  0.235  0.137  0.035  0.096  0.121  0.100  0.102  0.088  0.026  0.020 -0.013 -0.081 -0.070 -0.087 -0.117 -0.110 -0.196 -0.282 -0.316 -0.278 -0.243 -0.184 -0.144 -0.182 -0.223 -0.157 -0.269 -0.198 -0.178 -0.101 -0.097 -0.092 -0.082 -0.027 -0.019 -0.005
 -0.006 -0.034 -0.134 -0.122 -0.071 -0.021  0.092  0.048  0.228  0.109  0.069  0.084  0.228  0.263  0.398  0.310  0.191  0.282  0.471  0.725  1.000  0.755  0.442  0.222  0.121 -0.031 -0.028 -0.017 -0.017 -0.034 -0.069 -0.064 -0.045 -0.019  0.006  0.015  0.080  0.090 -0.037 -0.108 -0.126 -0.167 -0.175 -0.205 -0.191 -0.208 -0.205 -0.218 -0.210 -0.189 -0.209 -0.163 -0.154 -0.146 -0.094 -0.041 -0.049 -0.079 -0.153 -0.140 -0.221 -0.190 -0.175 -0.082 -0.138 -0.149 -0.176 -0.199 -0.195 -0.160 -0.143 -0.160 -0.127 -0.174 -0.123 -0.138 -0.063 -0.066 -0.037 -0.073 -0.073 -0.027 -0.017 -0.047 -0.022 -0.019 -0.031  0.018  0.046  0.005 -0.012 -0.068 -0.137 -0.150 -0.092 -0.158 -0.186 -0.195 -0.166 -0.107 -0.140 -0.154 -0.036 -0.016  0.050  0.077  0.042  0.069 -0.082 -0.134 -0.084 -0.053 -0.040 -0.047 -0.026 -0.008  0.034  0.136  0.339  0.209  0.281  0.235  0.186  0.129  0.080  0.049  0.070  0.092  0.057  0.049  0.064  0.026 -0.015 -0.021 -0.083 -0.054 -0.091 -0.120 -0.103 -0.162 -0.209 -0.238 -0.183 -0.152 -0.105 -0.067 -0.079 -0.142 -0.043 -0.135 -0.094 -0.129 -0.087 -0.111 -0.109 -0.100 -0.011 -0.015  0.029
 -0.050 -0.075 -0.178 -0.168 -0.097  0.014  0.091  0.073  0.119  0.016  0.024  0.055  0.173  0.218  0.313  0.209  0.102  0.202  0.381  0.604  0.755  1.000  0.741  0.488  0.292  0.108  0.023  0.032  0.063  0.018 -0.037 -0.030 -0.024 -0.010  0.021  0.048  0.098  0.098 -0.053 -0.114 -0.135 -0.156 -0.153 -0.184 -0.162 -0.198 -0.192 -0.192 -0.211 -0.237 -0.250 -0.199 -0.158 -0.141 -0.079 -0.021 -0.029 -0.081 -0.163 -0.171 -0.196 -0.154 -0.120 -0.020 -0.057 -0.081 -0.126 -0.160 -0.171 -0.162 -0.168 -0.194 -0.171 -0.155 -0.093 -0.086 -0.013 -0.032 -0.024 -0.064 -0.074 -0.027 -0.024 -0.068 -0.053 -0.043 -0.049 -0.016  0.019 -0.014 -0.042 -0.068 -0.150 -0.153 -0.082 -0.146 -0.162 -0.179 -0.161 -0.090 -0.135 -0.141 -0.033 -0.028  0.060  0.085  0.024  0.033 -0.115 -0.188 -0.127 -0.060 -0.068 -0.104 -0.044 -0.032 -0.022  0.058  0.249  0.147  0.200  0.151  0.128  0.110  0.093  0.063  0.103  0.107  0.073  0.008  0.036  0.020 -0.014 -0.040 -0.124 -0.106 -0.151 -0.171 -0.124 -0.141 -0.140 -0.171 -0.097 -0.038 -0.009  0.051  0.051 -0.114  0.052 -0.027 -0.041 -0.157 -0.140 -0.182 -0.175 -0.155 -0.049 -0.014  0.036
 -0.105 -0.158 -0.234 -0.180 -0.104 -0.047  0.010 -0.004 -0.048 -0.108 -0.089 -0.037  0.050  0.073  0.206  0.056 -0.029  0.113  0.277  0.404  0.442  0.741  1.000  0.615  0.385  0.194  0.081  0.103  0.127  0.069  0.010 -0.002 -0.018 -0.013 -0.004 -0.005  0.022  0.030 -0.087 -0.127 -0.107 -0.099 -0.065 -0.110 -0.068 -0.124 -0.165 -0.125 -0.117 -0.225 -0.279 -0.236 -0.178 -0.149 -0.101 -0.061 -0.061 -0.099 -0.167 -0.156 -0.125 -0.053 -0.012  0.035  0.036 -0.034 -0.092 -0.112 -0.118 -0.116 -0.133 -0.177 -0.169 -0.104 -0.040 -0.013  0.052  0.005  0.013 -0.033 -0.055  0.003 -0.008 -0.077 -0.061 -0.043 -0.067 -0.066 -0.013 -0.046 -0.054 -0.078 -0.112 -0.118 -0.055 -0.101 -0.109 -0.116 -0.098 -0.041 -0.078 -0.092  0.006  0.039  0.119  0.107  0.042 -0.008 -0.120 -0.185 -0.109 -0.059 -0.064 -0.151 -0.087 -0.105 -0.076 -0.061  0.129  0.054  0.060  0.036  0.034  0.054  0.052  0.085  0.161  0.129  0.149  0.059  0.093  0.071  0.017 -0.033 -0.092 -0.091 -0.140 -0.152 -0.102 -0.088 -0.063 -0.101 -0.024  0.064  0.073  0.144  0.124 -0.153  0.079  0.017 -0.007 -0.129 -0.113 -0.171 -0.165 -0.142 -0.054 -0.014  0.012
 -0.013  0.018 -0.043 -0.100 -0.004  0.101  0.140  0.108 -0.063 -0.146 -0.151 -0.065 -0.084  0.003  0.061 -0.051 -0.073 -0.007  0.035  0.143  0.222  0.488  0.615  1.000  0.746  0.522  0.362  0.340  0.305  0.215  0.154  0.096  0.032  0.010  0.015 -0.002  0.000  0.004 -0.055 -0.067 -0.054 -0.077 -0.059 -0.090 -0.088 -0.113 -0.161 -0.104 -0.096 -0.201 -0.215 -0.245 -0.198 -0.183 -0.137 -0.088 -0.086 -0.104 -0.163 -0.154 -0.124 -0.030 -0.020  0.027 -0.025 -0.057 -0.097 -0.105 -0.144 -0.163 -0.194 -0.202 -0.158 -0.102 -0.022  0.003  0.047  0.047  0.029  0.016 -0.019  0.015  0.024 -0.009 -0.032 -0.016  0.005 -0.001  0.025  0.018  0.016  0.001 -0.014 -0.037 -0.025 -0.069  0.000 -0.002 -0.010  0.061  0.068  0.027 -0.013 -0.044  0.006  0.019 -0.014 -0.007 -0.086 -0.102 -0.054  0.026  0.076  0.034  0.117  0.064  0.016 -0.000 -0.040 -0.100 -0.074 -0.096 -0.049 -0.018  0.045  0.091  0.099  0.097  0.054 -0.039 -0.079 -0.067 -0.085 -0.079 -0.161 -0.164 -0.216 -0.152 -0.097 -0.016  0.089  0.077  0.206  0.243  0.222  0.345  0.461  0.235  0.311  0.214  0.146 -0.027 -0.035 -0.122 -0.162 -0.147 -0.092 -0.070 -0.031
  0.026  0.041 -0.028 -0.107 -0.005  0.074  0.117  0.052 -0.106 -0.161 -0.154 -0.058 -0.094 -0.004  0.028 -0.057 -0.059 -0.023 -0.048  0.028  0.121  0.292  0.385  0.746  1.000  0.713  0.453  0.449  0.411  0.288  0.204  0.128  0.059  0.012  0.003 -0.056 -0.061 -0.046 -0.081 -0.082 -0.051 -0.074 -0.049 -0.091 -0.095 -0.117 -0.168 -0.101 -0.078 -0.186 -0.196 -0.250 -0.219 -0.218 -0.195 -0.155 -0.143 -0.142 -0.187 -0.159 -0.125 -0.013 -0.016  0.019 -0.048 -0.081 -0.101 -0.092 -0.136 -0.158 -0.183 -0.193 -0.153 -0.102 -0.011  0.010  0.072  0.074  0.053  0.046  0.004  0.033  0.042  0.011 -0.023 -0.005  0.017 -0.004  0.022  0.005  0.002 -0.010 -0.002 -0.038 -0.023 -0.072  0.020  0.042  0.022  0.085  0.141  0.047 -0.015 -0.043 -0.001  0.003 -0.033 -0.024 -0.106 -0.103 -0.058  0.006  0.084 -0.005  0.071  0.027 -0.021 -0.049 -0.072 -0.114 -0.091 -0.091 -0.033 -0.003  0.068  0.124  0.120  0.131  0.083  0.008 -0.054 -0.053 -0.097 -0.081 -0.168 -0.160 -0.209 -0.128 -0.056  0.002  0.166  0.130  0.245  0.314  0.297  0.435  0.505  0.261  0.232  0.163  0.120 -0.026  0.003 -0.117 -0.152 -0.138 -0.105 -0.095 -0.041
 -0.000  0.036 -0.023 -0.082  0.047  0.141  0.147  0.052 -0.130 -0.189 -0.175 -0.092 -0.147 -0.040 -0.078 -0.114 -0.065 -0.072 -0.145 -0.109 -0.031  0.108  0.194  0.522  0.713  1.000  0.667  0.442  0.486  0.433  0.265  0.147  0.109  0.044  0.021 -0.052 -0.082 -0.065 -0.073 -0.047  0.003 -0.012  0.027 -0.006 -0.022 -0.045 -0.092 -0.045 -0.035 -0.117 -0.116 -0.185 -0.171 -0.174 -0.168 -0.137 -0.121 -0.115 -0.137 -0.106 -0.032  0.074  0.070  0.082  0.015 -0.016 -0.035 -0.030 -0.078 -0.105 -0.131 -0.127 -0.081 -0.012  0.065  0.078  0.104  0.102  0.060  0.062  0.040  0.033  0.038  0.016 -0.027 -0.006  0.007 -0.031 -0.022 -0.036 -0.032 -0.015  0.050  0.014  0.013  0.001  0.087  0.103  0.091  0.145  0.199  0.102  0.009 -0.033 -0.013 -0.022 -0.047 -0.063 -0.116 -0.083 -0.023  0.029  0.114  0.006  0.036  0.024 -0.033 -0.083 -0.170 -0.194 -0.162 -0.155 -0.070 -0.035  0.070  0.144  0.132  0.110  0.033 -0.042 -0.129 -0.129 -0.170 -0.139 -0.173 -0.115 -0.147 -0.029  0.047  0.135  0.256  0.193  0.240  0.274  0.236  0.337  0.450  0.249  0.181  0.167  0.098  0.024  0.065 -0.065 -0.115 -0.135 -0.141 -0.156 -0.102
  0.044  0.084  0.013 -0.050  0.156  0.230  0.245  0.092 -0.058 -0.121 -0.115 -0.053 -0.095 -0.011 -0.052 -0.038 -0.011 -0.040 -0.104 -0.073 -0.028  0.023  0.081  0.362  0.453  0.667  1.000  0.679  0.542  0.592  0.505  0.296  0.206  0.161  0.132  0.037 -0.023 -0.007 -0.020  0.007  0.013 -0.019 -0.014 -0.062 -0.080 -0.087 -0.127 -0.106 -0.090 -0.106 -0.116 -0.156 -0.137 -0.118 -0.120 -0.086 -0.069 -0.081 -0.104 -0.086 -0.080 -0.006 -0.030  0.003 -0.060 -0.074 -0.080 -0.079 -0.102 -0.093 -0.105 -0.109 -0.055 -0.042  0.021  0.013  0.043  0.046  0.031  0.043  0.021  0.023  0.039  0.033  0.001  0.017  0.035  0.004  0.025  0.023  0.018  0.039  0.069  0.060  0.020 -0.022  0.063  0.087  0.070  0.132  0.182  0.066 -0.017 -0.060 -0.054 -0.047 -0.068 -0.064 -0.102 -0.036  0.065  0.114  0.307  0.129  0.064  0.009 -0.025 -0.060 -0.126 -0.111 -0.089 -0.064 -0.028 -0.024  0.071  0.175  0.159  0.108  0.016 -0.037 -0.186 -0.179 -0.201 -0.155 -0.173 -0.067 -0.114 -0.021 -0.016  0.007  0.026  0.003  0.054  0.044  0.040  0.114  0.196  0.156  0.060  0.035  0.053  0.076  0.152  0.019 -0.042 -0.090 -0.126 -0.149 -0.105
  0.090  0.117  0.113  0.071  0.163  0.172  0.160  0.033 -0.079 -0.096 -0.130 -0.099 -0.116 -0.052 -0.004 -0.029 -0.042 -0.012 -0.036 -0.017 -0.017  0.032  0.103  0.340  0.449  0.442  0.679  1.000  0.726  0.537  0.609  0.515  0.318  0.217  0.240  0.163  0.078  0.067  0.059  0.063  0.028  0.006 -0.037 -0.116 -0.095 -0.072 -0.113 -0.075 -0.029 -0.053 -0.086 -0.108 -0.069 -0.016  0.003  0.030  0.036 -0.007 -0.050 -0.084 -0.112 -0.040 -0.078 -0.071 -0.072 -0.100 -0.126 -0.128 -0.171 -0.173 -0.186 -0.171 -0.149 -0.137 -0.077 -0.060 -0.016  0.012 -0.005 -0.008 -0.025  0.014  0.014  0.000  0.000  0.019  0.040  0.062  0.107  0.126  0.110  0.137  0.092  0.110  0.047 -0.049  0.028  0.035  0.031  0.054  0.111  0.079 -0.011 -0.062 -0.083 -0.062 -0.030  0.017  0.003  0.036  0.071  0.101  0.215  0.073 -0.016 -0.074 -0.061 -0.072 -0.086 -0.031 -0.063 -0.058 -0.082 -0.103 -0.066  0.033  0.050  0.027  0.032 -0.020 -0.102 -0.065 -0.033  0.011 -0.058 -0.017 -0.081 -0.049 -0.086 -0.114 -0.072 -0.106 -0.046 -0.034 -0.009  0.075  0.129  0.091 -0.024 -0.083 -0.011 -0.003  0.096  0.044  0.041 -0.009 -0.013 -0.066 -0.044
  0.012  0.048  0.026 -0.012  0.112  0.145  0.117  0.025 -0.108 -0.085 -0.113 -0.089 -0.102 -0.036 -0.027 -0.057 -0.037 -0.021 -0.058 -0.035 -0.017  0.063  0.127  0.305  0.411  0.486  0.542  0.726  1.000  0.735  0.563  0.569  0.500  0.318  0.291  0.193  0.083  0.093  0.026  0.025  0.023  0.013 -0.007 -0.062 -0.037 -0.034 -0.080 -0.038  0.014 -0.008 -0.045 -0.071 -0.054 -0.012  0.008  0.039  0.042 -0.017 -0.058 -0.101 -0.076  0.005 -0.013  0.018 -0.027 -0.059 -0.090 -0.097 -0.153 -0.175 -0.191 -0.183 -0.178 -0.115 -0.056 -0.009  0.017  0.032 -0.012 -0.020 -0.033 -0.013 -0.025 -0.055 -0.070 -0.045 -0.028 -0.017  0.027  0.040  0.029  0.061  0.078  0.086  0.034 -0.005  0.051  0.033  0.042  0.080  0.100  0.093  0.035 -0.014  0.003  0.012  0.010  0.008 -0.046 -0.029  0.030  0.061  0.122  0.014 -0.047 -0.062 -0.061 -0.050 -0.093 -0.067 -0.091 -0.090 -0.062 -0.053 -0.011  0.017  0.003  0.012  0.010 -0.092 -0.074 -0.051 -0.046 -0.023 -0.064 -0.038 -0.071 -0.056 -0.056 -0.074 -0.030 -0.082 -0.054 -0.035 -0.021  0.063  0.117  0.059 -0.035 -0.072 -0.024 -0.030  0.069  0.003  0.007 -0.058 -0.056 -0.134 -0.102
  0.004  0.040 -0.011 -0.065  0.142  0.192  0.161  0.072 -0.061 -0.037 -0.051 -0.028 -0.049 -0.002 -0.021 -0.018  0.016 -0.005 -0.066 -0.053 -0.034  0.018  0.069  0.215  0.288  0.433  0.592  0.537  0.735  1.000  0.707  0.522  0.531  0.457  0.366  0.215  0.094  0.119  0.015  0.019 -0.006 -0.023 -0.044 -0.075 -0.068 -0.067 -0.110 -0.100 -0.051 -0.042 -0.073 -0.075 -0.050 -0.002  0.005  0.037  0.054 -0.013 -0.047 -0.104 -0.092 -0.034 -0.051  0.022 -0.074 -0.081 -0.092 -0.091 -0.118 -0.136 -0.140 -0.157 -0.147 -0.096 -0.062 -0.030 -0.011 -0.007 -0.045 -0.046 -0.055 -0.047 -0.044 -0.071 -0.093 -0.070 -0.055 -0.059 -0.022 -0.011 -0.021  0.008  0.064  0.077  0.022  0.001  0.042  0.024  0.032  0.088  0.089  0.053  0.018 -0.025  0.022  0.027 -0.012 -0.027 -0.089 -0.044  0.062  0.104  0.202  0.078  0.012 -0.024 -0.038 -0.006 -0.068 -0.041 -0.054 -0.040  0.006  0.015  0.062  0.040  0.005  0.018 -0.031 -0.148 -0.141 -0.118 -0.118 -0.101 -0.095 -0.069 -0.064 -0.041 -0.007 -0.036 -0.032 -0.079 -0.059 -0.066 -0.052  0.006  0.063  0.044 -0.018 -0.046 -0.004  0.024  0.134  0.018 -0.007 -0.068 -0.117 -0.172 -0.142
  0.051  0.103  0.095  0.069  0.261  0.237  0.163  0.049 -0.068 -0.026 -0.068 -0.068 -0.092 -0.049 -0.040 -0.036 -0.019 -0.030 -0.075 -0.072 -0.069 -0.037  0.010  0.154  0.204  0.265  0.505  0.609  0.563  0.707  1.000  0.708  0.499  0.500  0.494  0.342  0.193  0.183  0.117  0.115  0.056  0.035 -0.034 -0.078 -0.062 -0.038 -0.078 -0.073 -0.029  0.006 -0.030 -0.021  0.017  0.105  0.121  0.156  0.172  0.086  0.041 -0.053 -0.080 -0.050 -0.083 -0.039 -0.088 -0.095 -0.110 -0.111 -0.136 -0.152 -0.150 -0.153 -0.148 -0.133 -0.114 -0.081 -0.057 -0.032 -0.070 -0.074 -0.076 -0.056 -0.063 -0.082 -0.077 -0.079 -0.062 -0.020  0.039  0.073  0.062  0.119  0.129  0.178  0.079  0.019  0.049  0.020  0.021  0.059  0.051  0.053  0.014 -0.040 -0.019 -0.010 -0.010  0.008 -0.008  0.055  0.120  0.121  0.180  0.074 -0.005 -0.043 -0.033 -0.001 -0.081 -0.035 -0.059 -0.057 -0.045 -0.057 -0.015 -0.019 -0.040 -0.033 -0.041 -0.146 -0.144 -0.084 -0.048 -0.021 -0.045 -0.053 -0.064 -0.056 -0.061 -0.105 -0.108 -0.131 -0.102 -0.110 -0.087 -0.039  0.009  0.026 -0.053 -0.092 -0.030 -0.003  0.087  0.023  0.035 -0.013 -0.047 -0.099 -0.100
  0.048  0.094  0.105  0.071  0.194  0.194  0.103  0.029 -0.050  0.026 -0.002 -0.031 -0.065 -0.051 -0.042 -0.035 -0.034 -0.052 -0.067 -0.049 -0.064 -0.030 -0.002  0.096  0.128  0.147  0.296  0.515  0.569  0.522  0.708  1.000  0.735  0.556  0.583  0.485  0.299  0.276  0.192  0.151  0.063  0.030 -0.052 -0.076 -0.061 -0.022 -0.033 -0.033  0.004  0.067  0.032  0.048  0.071  0.177  0.220  0.264  0.287  0.157  0.083 -0.044 -0.082 -0.069 -0.091 -0.042 -0.067 -0.079 -0.106 -0.117 -0.159 -0.187 -0.182 -0.171 -0.179 -0.156 -0.142 -0.081 -0.070 -0.033 -0.087 -0.093 -0.078 -0.047 -0.073 -0.089 -0.063 -0.073 -0.049  0.024  0.073  0.119  0.101  0.152  0.110  0.151  0.055  0.003  0.036 -0.007  0.001  0.033  0.041  0.078  0.043 -0.039 -0.028 -0.007  0.009  0.020 -0.003  0.022  0.061  0.054  0.082  0.002 -0.056 -0.069 -0.054  0.014 -0.072  0.000 -0.037 -0.041 -0.045 -0.043 -0.019 -0.042 -0.059 -0.042 -0.028 -0.161 -0.131 -0.059 -0.022 -0.000 -0.052 -0.077 -0.086 -0.102 -0.115 -0.167 -0.154 -0.158 -0.134 -0.146 -0.114 -0.072 -0.034  0.009 -0.094 -0.137 -0.084 -0.077  0.001 -0.036 -0.002 -0.048 -0.051 -0.125 -0.109
  0.053  0.074  0.067  0.006  0.147  0.166  0.090  0.033 -0.034  0.031  0.023  0.005 -0.008  0.010 -0.015 -0.005 -0.006 -0.009 -0.018 -0.003 -0.045 -0.024 -0.018  0.032  0.059  0.109  0.206  0.318  0.500  0.531  0.499  0.735  1.000  0.692  0.562  0.463  0.286  0.291  0.162  0.102  0.024 -0.015 -0.072 -0.098 -0.070 -0.050 -0.068 -0.050 -0.009  0.034  0.002  0.029  0.055  0.134  0.181  0.231  0.248  0.116  0.050 -0.077 -0.102 -0.089 -0.074 -0.007 -0.033 -0.038 -0.055 -0.047 -0.099 -0.141 -0.154 -0.155 -0.173 -0.140 -0.132 -0.063 -0.067 -0.035 -0.075 -0.098 -0.066 -0.044 -0.071 -0.090 -0.062 -0.085 -0.075 -0.005  0.044  0.091  0.081  0.107  0.054  0.077  0.008 -0.019  0.006 -0.029 -0.018  0.008  0.016  0.035  0.011 -0.064 -0.025  0.004 -0.004  0.010 -0.040 -0.011  0.035  0.037  0.055 -0.014 -0.054 -0.076 -0.059 -0.009 -0.028  0.045 -0.003 -0.005 -0.005  0.011  0.029 -0.042 -0.066 -0.040 -0.046 -0.171 -0.107 -0.056 -0.040 -0.033 -0.052 -0.066 -0.066 -0.100 -0.108 -0.158 -0.160 -0.174 -0.160 -0.171 -0.136 -0.099 -0.068 -0.010 -0.112 -0.159 -0.101 -0.085 -0.009 -0.046 -0.023 -0.068 -0.089 -0.149 -0.126
  0.061  0.101  0.073 -0.009  0.216  0.255  0.158  0.114  0.040  0.093  0.082  0.062  0.073  0.087  0.084  0.112  0.101  0.085  0.057  0.044 -0.019 -0.010 -0.013  0.010  0.012  0.044  0.161  0.217  0.318  0.457  0.500  0.556  0.692  1.000  0.749  0.559  0.394  0.407  0.183  0.089 -0.022 -0.062 -0.152 -0.190 -0.162 -0.114 -0.140 -0.178 -0.121 -0.025 -0.073 -0.010  0.039  0.143  0.208  0.271  0.304  0.124  0.021 -0.125 -0.173 -0.182 -0.165 -0.023 -0.127 -0.114 -0.120 -0.121 -0.142 -0.175 -0.162 -0.195 -0.213 -0.199 -0.210 -0.149 -0.118 -0.107 -0.135 -0.159 -0.126 -0.107 -0.130 -0.143 -0.105 -0.132 -0.122 -0.024  0.039  0.091  0.060  0.082  0.061  0.092  0.016 -0.046 -0.035 -0.088 -0.062 -0.002 -0.040 -0.015  0.011 -0.068  0.016  0.050 -0.020  0.024 -0.056 -0.003  0.073  0.091  0.129  0.051 -0.003 -0.042 -0.043  0.071  0.073  0.141  0.109  0.099  0.104  0.091  0.089 -0.063 -0.103 -0.059 -0.080 -0.238 -0.182 -0.115 -0.074 -0.068 -0.076 -0.132 -0.081 -0.108 -0.046 -0.122 -0.152 -0.180 -0.174 -0.185 -0.156 -0.124 -0.097 -0.044 -0.100 -0.142 -0.076 -0.022  0.056 -0.022 -0.010 -0.062 -0.127 -0.177 -0.178
  0.116  0.132  0.082 -0.018  0.167  0.259  0.182  0.117  0.054  0.100  0.080  0.040  0.057  0.069  0.079  0.103  0.068  0.068  0.082  0.096  0.006  0.021 -0.004  0.015  0.003  0.021  0.132  0.240  0.291  0.366  0.494  0.583  0.562  0.749  1.000  0.793  0.572  0.552  0.327  0.195  0.070 -0.011 -0.163 -0.239 -0.205 -0.146 -0.144 -0.177 -0.148 -0.036 -0.080  0.005  0.072  0.218  0.308  0.410  0.467  0.250  0.099 -0.058 -0.152 -0.181 -0.188 -0.062 -0.122 -0.114 -0.145 -0.147 -0.166 -0.206 -0.175 -0.183 -0.192 -0.206 -0.211 -0.158 -0.106 -0.074 -0.099 -0.127 -0.091 -0.050 -0.076 -0.095 -0.022 -0.065 -0.060  0.063  0.124  0.178  0.146  0.171  0.081  0.116  0.018 -0.081 -0.071 -0.128 -0.099 -0.057 -0.090 -0.048 -0.040 -0.151 -0.061 -0.004 -0.071 -0.007 -0.107 -0.060 -0.017  0.048  0.061  0.006 -0.026 -0.047 -0.044  0.071  0.087  0.167  0.123  0.092  0.064  0.045  0.047 -0.083 -0.092 -0.039 -0.045 -0.231 -0.184 -0.099 -0.057 -0.055 -0.085 -0.170 -0.125 -0.147 -0.086 -0.166 -0.196 -0.203 -0.182 -0.185 -0.149 -0.124 -0.106 -0.041 -0.111 -0.164 -0.112 -0.073 -0.016 -0.080 -0.084 -0.107 -0.153 -0.186 -0.164
